# Elastic channel 
#  theta                   mb/sr                   ratio 
1.000000000000000021e-02 2.262900000000000000e+17 1.000000000000000000e+00
1.000000000000000000e+00 2.263300000000000000e+09 1.000099999999999989e+00
2.000000000000000000e+00 1.419000000000000000e+08 1.003100000000000103e+00
3.000000000000000000e+00 2.803700000000000000e+07 1.003100000000000103e+00
4.000000000000000000e+00 8.683100000000000000e+06 9.815099999999999936e-01
5.000000000000000000e+00 3.565400000000000000e+06 9.835000000000000409e-01
6.000000000000000000e+00 1.770600000000000000e+06 1.012199999999999989e+00
7.000000000000000000e+00 9.839400000000000000e+05 1.041400000000000103e+00
8.000000000000000000e+00 5.834500000000000000e+05 1.052599999999999980e+00
9.000000000000000000e+00 3.619200000000000000e+05 1.044999999999999929e+00
1.000000000000000000e+01 2.337000000000000000e+05 1.027500000000000080e+00
1.100000000000000000e+01 1.569800000000000000e+05 1.009400000000000075e+00
1.200000000000000000e+01 1.094100000000000000e+05 9.952499999999999680e-01
1.300000000000000000e+01 7.863500000000000000e+04 9.839999999999999858e-01
1.400000000000000000e+01 5.780000000000000000e+04 9.715200000000000502e-01
1.500000000000000000e+01 4.309500000000000000e+04 9.531600000000000072e-01
1.600000000000000000e+01 3.238700000000000000e+04 9.258399999999999963e-01
1.700000000000000000e+01 2.444300000000000000e+04 8.890200000000000324e-01
1.800000000000000000e+01 1.850700000000000000e+04 8.445099999999999829e-01
1.900000000000000000e+01 1.407400000000000000e+04 7.957899999999999974e-01
2.000000000000000000e+01 1.078000000000000000e+04 7.468500000000000139e-01
2.100000000000000000e+01 8.344874040999999124e+03 7.012899999999999689e-01
2.200000000000000000e+01 6.550091935000000376e+03 6.615900000000000114e-01
2.300000000000000000e+01 5.223454109000000244e+03 6.288099999999999801e-01
2.400000000000000000e+01 4.232698011999999835e+03 6.026599999999999735e-01
2.500000000000000000e+01 3.479066045999999915e+03 5.817700000000000093e-01
2.600000000000000000e+01 2.891447540000000117e+03 5.641699999999999493e-01
2.700000000000000000e+01 2.420670078999999987e+03 5.477999999999999536e-01
2.800000000000000000e+01 2.034147208999999975e+03 5.309199999999999475e-01
2.900000000000000000e+01 1.711143354000000045e+03 5.124199999999999866e-01
3.000000000000000000e+01 1.438839424000000008e+03 4.919700000000000184e-01
3.100000000000000000e+01 1.209271531999999979e+03 4.699599999999999889e-01
3.200000000000000000e+01 1.017115983000000028e+03 4.473699999999999899e-01
3.300000000000000000e+01 8.582230279999999993e+02 4.255099999999999993e-01
3.400000000000000000e+01 7.287619969999999512e+02 4.057600000000000096e-01
3.500000000000000000e+01 6.248267680000000155e+02 3.892900000000000249e-01
3.600000000000000000e+01 5.423563329999999496e+02 3.768400000000000083e-01
3.700000000000000000e+01 4.772436299999999960e+02 3.686300000000000132e-01
3.800000000000000000e+01 4.255308630000000107e+02 3.642900000000000027e-01
3.900000000000000000e+01 3.836167500000000246e+02 3.629299999999999748e-01
4.000000000000000000e+01 3.484270220000000222e+02 3.633000000000000118e-01
4.100000000000000000e+01 3.175221300000000042e+02 3.639299999999999757e-01
4.200000000000000000e+01 2.891341199999999958e+02 3.633799999999999808e-01
4.300000000000000000e+01 2.621377939999999853e+02 3.603899999999999881e-01
4.400000000000000000e+01 2.359695930000000033e+02 3.540800000000000058e-01
4.500000000000000000e+01 2.105118339999999932e+02 3.440199999999999925e-01
4.600000000000000000e+01 1.859606310000000065e+02 3.302800000000000180e-01
4.700000000000000000e+01 1.626941070000000025e+02 3.134100000000000219e-01
4.800000000000000000e+01 1.411541029999999921e+02 2.943700000000000205e-01
4.900000000000000000e+01 1.217504610000000014e+02 2.743599999999999928e-01
5.000000000000000000e+01 1.047926680000000061e+02 2.547200000000000020e-01
5.100000000000000000e+01 9.044979700000000378e+01 2.367499999999999882e-01
5.200000000000000000e+01 7.873654500000000667e+01 2.215600000000000069e-01
5.300000000000000000e+01 6.952099099999999510e+01 2.099800000000000000e-01
5.400000000000000000e+01 6.254839799999999883e+01 2.024600000000000011e-01
5.500000000000000000e+01 5.747499299999999778e+01 1.990899999999999892e-01
5.600000000000000000e+01 5.390599499999999722e+01 1.995300000000000129e-01
5.700000000000000000e+01 5.143296399999999835e+01 2.031600000000000072e-01
5.800000000000000000e+01 4.966668899999999809e+01 2.090700000000000058e-01
5.900000000000000000e+01 4.826313799999999787e+01 2.162300000000000055e-01
6.000000000000000000e+01 4.694118300000000232e+01 2.235499999999999987e-01
6.100000000000000000e+01 4.549194800000000072e+01 2.300099999999999922e-01
6.200000000000000000e+01 4.378046499999999952e+01 2.347400000000000042e-01
6.300000000000000000e+01 4.174093799999999987e+01 2.370500000000000107e-01
6.400000000000000000e+01 3.936725100000000310e+01 2.365500000000000103e-01
6.500000000000000000e+01 3.670047799999999683e+01 2.330699999999999994e-01
6.600000000000000000e+01 3.381505299999999892e+01 2.267200000000000049e-01
6.700000000000000000e+01 3.080504200000000026e+01 2.178299999999999959e-01
6.800000000000000000e+01 2.777164900000000003e+01 2.069100000000000106e-01
6.900000000000000000e+01 2.481273699999999849e+01 1.945900000000000130e-01
7.000000000000000000e+01 2.201479700000000150e+01 1.815599999999999992e-01
7.100000000000000000e+01 1.944751099999999866e+01 1.685099999999999931e-01
7.200000000000000000e+01 1.716078100000000006e+01 1.560799999999999965e-01
7.300000000000000000e+01 1.518393599999999921e+01 1.448399999999999965e-01
7.400000000000000000e+01 1.352669000000000032e+01 1.351999999999999869e-01
7.500000000000000000e+01 1.218141699999999972e+01 1.274800000000000100e-01
7.600000000000000000e+01 1.112625399999999942e+01 1.218000000000000055e-01
7.700000000000000000e+01 1.032863599999999948e+01 1.181900000000000034e-01
7.800000000000000000e+01 9.748898999999999759e+00 1.165199999999999986e-01
7.900000000000000000e+01 9.343686999999999188e+00 1.165500000000000008e-01
8.000000000000000000e+01 9.068970000000000198e+00 1.179700000000000054e-01
8.100000000000000000e+01 8.882562000000000069e+00 1.204100000000000031e-01
8.200000000000000000e+01 8.746073000000000874e+00 1.234600000000000003e-01
8.300000000000000000e+01 8.626326000000000604e+00 1.267099999999999893e-01
8.400000000000000000e+01 8.496233000000000146e+00 1.297800000000000065e-01
8.500000000000000000e+01 8.335221999999999909e+00 1.323100000000000109e-01
8.600000000000000000e+01 8.129258999999999347e+00 1.340099999999999902e-01
8.700000000000000000e+01 7.870551999999999992e+00 1.346499999999999919e-01
8.800000000000000000e+01 7.556989999999999874e+00 1.340800000000000047e-01
8.900000000000000000e+01 7.191398999999999653e+00 1.322500000000000064e-01
9.000000000000000000e+01 6.780658999999999992e+00 1.291700000000000070e-01
9.100000000000000000e+01 6.334747000000000128e+00 1.249200000000000033e-01
9.200000000000000000e+01 5.865745999999999682e+00 1.196699999999999986e-01
9.300000000000000000e+01 5.386866000000000376e+00 1.136400000000000049e-01
9.400000000000000000e+01 4.911527000000000420e+00 1.070699999999999985e-01
9.500000000000000000e+01 4.452517000000000280e+00 1.002500000000000058e-01
9.600000000000000000e+01 4.021289000000000335e+00 9.345499999999999641e-02
9.700000000000000000e+01 3.627383000000000024e+00 8.696800000000000364e-02
9.800000000000000000e+01 3.278024999999999967e+00 8.103499999999999592e-02
9.900000000000000000e+01 2.977885000000000115e+00 7.586400000000000088e-02
1.000000000000000000e+02 2.729013000000000133e+00 7.160800000000000498e-02
1.010000000000000000e+02 2.530918999999999919e+00 6.836699999999999722e-02
1.020000000000000000e+02 2.380815000000000126e+00 6.617299999999999571e-02
1.030000000000000000e+02 2.273950999999999834e+00 6.499800000000000022e-02
1.040000000000000000e+02 2.204050000000000065e+00 6.475799999999999612e-02
1.050000000000000000e+02 2.163787999999999823e+00 6.531700000000000006e-02
1.060000000000000000e+02 2.145294999999999952e+00 6.650000000000000355e-02
1.070000000000000000e+02 2.140636999999999901e+00 6.810800000000000187e-02
1.080000000000000000e+02 2.142262000000000111e+00 6.992700000000000304e-02
1.090000000000000000e+02 2.143374000000000112e+00 7.174400000000000222e-02
1.100000000000000000e+02 2.138228999999999935e+00 7.335899999999999366e-02
1.110000000000000000e+02 2.122339999999999893e+00 7.459899999999999864e-02
1.120000000000000000e+02 2.092588999999999810e+00 7.532200000000000006e-02
1.130000000000000000e+02 2.047251000000000154e+00 7.542899999999999605e-02
1.140000000000000000e+02 1.985929000000000055e+00 7.486399999999999999e-02
1.150000000000000000e+02 1.909427999999999903e+00 7.361399999999999888e-02
1.160000000000000000e+02 1.819574999999999942e+00 7.171299999999999897e-02
1.170000000000000000e+02 1.718998000000000026e+00 6.922799999999999787e-02
1.180000000000000000e+02 1.610881000000000007e+00 6.626300000000000245e-02
1.190000000000000000e+02 1.498723000000000027e+00 6.294299999999999895e-02
1.200000000000000000e+02 1.386095999999999995e+00 5.940999999999999753e-02
1.210000000000000000e+02 1.276429000000000036e+00 5.581200000000000050e-02
1.220000000000000000e+02 1.172820999999999891e+00 5.229400000000000021e-02
1.230000000000000000e+02 1.077890000000000015e+00 4.898999999999999883e-02
1.240000000000000000e+02 9.936669999999999670e-01 4.601800000000000335e-02
1.250000000000000000e+02 9.215290000000000425e-01 4.346799999999999969e-02
1.260000000000000000e+02 8.621799999999999464e-01 4.140599999999999836e-02
1.270000000000000000e+02 8.156679999999999486e-01 3.986800000000000066e-02
1.280000000000000000e+02 7.814410000000000522e-01 3.885799999999999671e-02
1.290000000000000000e+02 7.584290000000000198e-01 3.835399999999999920e-02
1.300000000000000000e+02 7.451489999999999503e-01 3.830800000000000177e-02
1.310000000000000000e+02 7.398200000000000331e-01 3.865099999999999786e-02
1.320000000000000000e+02 7.404889999999999528e-01 3.929900000000000060e-02
1.330000000000000000e+02 7.451470000000000038e-01 4.015799999999999925e-02
1.340000000000000000e+02 7.518430000000000391e-01 4.113200000000000189e-02
1.350000000000000000e+02 7.587770000000000348e-01 4.212300000000000072e-02
1.360000000000000000e+02 7.643760000000000554e-01 4.304399999999999893e-02
1.370000000000000000e+02 7.673499999999999766e-01 4.381800000000000278e-02
1.380000000000000000e+02 7.667249999999999899e-01 4.438000000000000278e-02
1.390000000000000000e+02 7.618570000000000064e-01 4.468599999999999656e-02
1.400000000000000000e+02 7.524210000000000065e-01 4.470400000000000068e-02
1.410000000000000000e+02 7.383939999999999948e-01 4.442399999999999821e-02
1.420000000000000000e+02 7.200159999999999894e-01 4.385000000000000009e-02
1.430000000000000000e+02 6.977470000000000061e-01 4.299999999999999656e-02
1.440000000000000000e+02 6.722179999999999822e-01 4.190599999999999881e-02
1.450000000000000000e+02 6.441829999999999501e-01 4.061000000000000026e-02
1.460000000000000000e+02 6.144619999999999527e-01 3.915799999999999836e-02
1.470000000000000000e+02 5.839039999999999786e-01 3.760399999999999854e-02
1.480000000000000000e+02 5.533400000000000540e-01 3.599999999999999728e-02
1.490000000000000000e+02 5.235480000000000134e-01 3.439899999999999902e-02
1.500000000000000000e+02 4.952320000000000055e-01 3.284900000000000320e-02
1.510000000000000000e+02 4.689949999999999952e-01 3.139600000000000030e-02
1.520000000000000000e+02 4.453300000000000036e-01 3.007699999999999957e-02
1.530000000000000000e+02 4.246130000000000182e-01 2.892399999999999832e-02
1.540000000000000000e+02 4.071049999999999947e-01 2.795999999999999874e-02
1.550000000000000000e+02 3.929480000000000195e-01 2.720200000000000048e-02
1.560000000000000000e+02 3.821809999999999929e-01 2.665800000000000114e-02
1.570000000000000000e+02 3.747440000000000215e-01 2.632999999999999924e-02
1.580000000000000000e+02 3.704910000000000148e-01 2.621199999999999919e-02
1.590000000000000000e+02 3.691989999999999994e-01 2.629499999999999893e-02
1.600000000000000000e+02 3.705860000000000265e-01 2.656100000000000128e-02
1.610000000000000000e+02 3.743159999999999821e-01 2.698899999999999910e-02
1.620000000000000000e+02 3.800200000000000244e-01 2.755700000000000163e-02
1.630000000000000000e+02 3.872990000000000044e-01 2.823600000000000068e-02
1.640000000000000000e+02 3.957470000000000154e-01 2.899799999999999947e-02
1.650000000000000000e+02 4.049579999999999846e-01 2.981400000000000022e-02
1.660000000000000000e+02 4.145420000000000216e-01 3.065599999999999922e-02
1.670000000000000000e+02 4.241369999999999862e-01 3.149500000000000216e-02
1.680000000000000000e+02 4.334239999999999760e-01 3.230800000000000338e-02
1.690000000000000000e+02 4.421350000000000002e-01 3.307399999999999923e-02
1.700000000000000000e+02 4.500620000000000176e-01 3.377499999999999947e-02
1.710000000000000000e+02 4.570640000000000258e-01 3.440000000000000002e-02
1.720000000000000000e+02 4.630619999999999736e-01 3.494200000000000084e-02
1.730000000000000000e+02 4.680420000000000136e-01 3.539799999999999891e-02
1.740000000000000000e+02 4.720420000000000171e-01 3.577199999999999824e-02
1.750000000000000000e+02 4.751409999999999800e-01 3.606700000000000184e-02
1.760000000000000000e+02 4.774479999999999835e-01 3.629199999999999787e-02
1.770000000000000000e+02 4.790809999999999791e-01 3.645500000000000129e-02
1.780000000000000000e+02 4.801520000000000232e-01 3.656399999999999928e-02
1.790000000000000000e+02 4.807540000000000147e-01 3.662699999999999984e-02
1.799900000000000091e+02 4.809479999999999866e-01 3.664699999999999902e-02


# DWBA 
#  theta                   mb/sr   
0.000000000000000000e+00 3.839999999999999858e+00
1.000000000000000000e+00 3.771999999999999797e+00
2.000000000000000000e+00 3.573999999999999844e+00
3.000000000000000000e+00 3.261000000000000121e+00
4.000000000000000000e+00 2.859999999999999876e+00
5.000000000000000000e+00 2.402000000000000135e+00
6.000000000000000000e+00 1.921000000000000041e+00
7.000000000000000000e+00 1.453000000000000069e+00
8.000000000000000000e+00 1.028999999999999915e+00
9.000000000000000000e+00 6.735999999999999766e-01
1.000000000000000000e+01 4.043999999999999817e-01
1.100000000000000000e+01 2.293999999999999928e-01
1.200000000000000000e+01 1.479999999999999927e-01
1.300000000000000000e+01 1.514000000000000068e-01
1.400000000000000000e+01 2.247999999999999998e-01
1.500000000000000000e+01 3.487999999999999989e-01
1.600000000000000000e+01 5.020999999999999908e-01
1.700000000000000000e+01 6.639000000000000457e-01
1.800000000000000000e+01 8.151000000000000467e-01
1.900000000000000000e+01 9.405000000000000027e-01
2.000000000000000000e+01 1.028999999999999915e+00
2.100000000000000000e+01 1.074999999999999956e+00
2.200000000000000000e+01 1.078000000000000069e+00
2.300000000000000000e+01 1.038999999999999924e+00
2.400000000000000000e+01 9.666000000000000147e-01
2.500000000000000000e+01 8.676000000000000378e-01
2.600000000000000000e+01 7.522999999999999687e-01
2.700000000000000000e+01 6.301999999999999824e-01
2.800000000000000000e+01 5.102999999999999758e-01
2.900000000000000000e+01 4.000000000000000222e-01
3.000000000000000000e+01 3.048000000000000154e-01
3.100000000000000000e+01 2.283000000000000029e-01
3.200000000000000000e+01 1.718000000000000083e-01
3.300000000000000000e+01 1.350000000000000089e-01
3.400000000000000000e+01 1.161999999999999977e-01
3.500000000000000000e+01 1.126000000000000056e-01
3.600000000000000000e+01 1.208999999999999936e-01
3.700000000000000000e+01 1.375000000000000111e-01
3.800000000000000000e+01 1.590000000000000024e-01
3.900000000000000000e+01 1.824999999999999956e-01
4.000000000000000000e+01 2.053999999999999992e-01
4.100000000000000000e+01 2.260999999999999954e-01
4.200000000000000000e+01 2.431000000000000105e-01
4.300000000000000000e+01 2.559000000000000163e-01
4.400000000000000000e+01 2.640000000000000124e-01
4.500000000000000000e+01 2.676000000000000045e-01
4.600000000000000000e+01 2.669000000000000261e-01
4.700000000000000000e+01 2.622999999999999776e-01
4.800000000000000000e+01 2.541999999999999815e-01
4.900000000000000000e+01 2.431000000000000105e-01
5.000000000000000000e+01 2.295999999999999985e-01
5.100000000000000000e+01 2.142000000000000015e-01
5.200000000000000000e+01 1.971999999999999864e-01
5.300000000000000000e+01 1.791999999999999982e-01
5.400000000000000000e+01 1.607000000000000095e-01
5.500000000000000000e+01 1.421999999999999931e-01
5.600000000000000000e+01 1.242000000000000048e-01
5.700000000000000000e+01 1.069999999999999979e-01
5.800000000000000000e+01 9.110000000000000042e-02
5.900000000000000000e+01 7.689000000000000001e-02
6.000000000000000000e+01 6.464999999999999913e-02
6.100000000000000000e+01 5.457000000000000045e-02
6.200000000000000000e+01 4.676000000000000295e-02
6.300000000000000000e+01 4.123999999999999888e-02
6.400000000000000000e+01 3.790000000000000313e-02
6.500000000000000000e+01 3.656999999999999834e-02
6.600000000000000000e+01 3.699000000000000205e-02
6.700000000000000000e+01 3.882000000000000034e-02
6.800000000000000000e+01 4.168999999999999789e-02
6.900000000000000000e+01 4.522000000000000325e-02
7.000000000000000000e+01 4.900000000000000189e-02
7.100000000000000000e+01 5.267000000000000154e-02
7.200000000000000000e+01 5.591000000000000136e-02
7.300000000000000000e+01 5.843000000000000277e-02
7.400000000000000000e+01 6.003000000000000003e-02
7.500000000000000000e+01 6.058000000000000190e-02
7.600000000000000000e+01 6.001999999999999696e-02
7.700000000000000000e+01 5.836000000000000215e-02
7.800000000000000000e+01 5.568000000000000033e-02
7.900000000000000000e+01 5.211999999999999966e-02
8.000000000000000000e+01 4.784000000000000058e-02
8.100000000000000000e+01 4.306000000000000105e-02
8.200000000000000000e+01 3.797999999999999987e-02
8.300000000000000000e+01 3.282000000000000195e-02
8.400000000000000000e+01 2.779999999999999832e-02
8.500000000000000000e+01 2.307999999999999982e-02
8.600000000000000000e+01 1.883999999999999911e-02
8.700000000000000000e+01 1.519000000000000038e-02
8.800000000000000000e+01 1.221000000000000037e-02
8.900000000000000000e+01 9.943000000000000449e-03
9.000000000000000000e+01 8.406999999999999543e-03
9.100000000000000000e+01 7.575000000000000136e-03
9.200000000000000000e+01 7.392000000000000133e-03
9.300000000000000000e+01 7.780999999999999722e-03
9.400000000000000000e+01 8.644999999999999907e-03
9.500000000000000000e+01 9.877000000000000363e-03
9.600000000000000000e+01 1.136000000000000031e-02
9.700000000000000000e+01 1.298000000000000022e-02
9.800000000000000000e+01 1.461999999999999932e-02
9.900000000000000000e+01 1.618999999999999953e-02
1.000000000000000000e+02 1.757999999999999841e-02
1.010000000000000000e+02 1.873999999999999971e-02
1.020000000000000000e+02 1.958999999999999977e-02
1.030000000000000000e+02 2.010999999999999940e-02
1.040000000000000000e+02 2.027999999999999942e-02
1.050000000000000000e+02 2.009000000000000022e-02
1.060000000000000000e+02 1.956000000000000100e-02
1.070000000000000000e+02 1.872000000000000053e-02
1.080000000000000000e+02 1.762000000000000025e-02
1.090000000000000000e+02 1.629999999999999852e-02
1.100000000000000000e+02 1.481999999999999984e-02
1.110000000000000000e+02 1.324999999999999963e-02
1.120000000000000000e+02 1.163999999999999931e-02
1.130000000000000000e+02 1.004000000000000031e-02
1.140000000000000000e+02 8.512000000000000469e-03
1.150000000000000000e+02 7.095999999999999877e-03
1.160000000000000000e+02 5.828999999999999980e-03
1.170000000000000000e+02 4.736999999999999891e-03
1.180000000000000000e+02 3.837000000000000133e-03
1.190000000000000000e+02 3.138000000000000164e-03
1.200000000000000000e+02 2.638000000000000154e-03
1.210000000000000000e+02 2.328000000000000208e-03
1.220000000000000000e+02 2.193000000000000071e-03
1.230000000000000000e+02 2.211999999999999991e-03
1.240000000000000000e+02 2.360000000000000119e-03
1.250000000000000000e+02 2.609000000000000208e-03
1.260000000000000000e+02 2.932000000000000144e-03
1.270000000000000000e+02 3.301000000000000115e-03
1.280000000000000000e+02 3.691999999999999969e-03
1.290000000000000000e+02 4.079000000000000160e-03
1.300000000000000000e+02 4.446000000000000299e-03
1.310000000000000000e+02 4.774999999999999731e-03
1.320000000000000000e+02 5.054000000000000332e-03
1.330000000000000000e+02 5.275000000000000175e-03
1.340000000000000000e+02 5.432000000000000196e-03
1.350000000000000000e+02 5.524000000000000264e-03
1.360000000000000000e+02 5.550000000000000246e-03
1.370000000000000000e+02 5.511000000000000273e-03
1.380000000000000000e+02 5.412000000000000144e-03
1.390000000000000000e+02 5.257000000000000388e-03
1.400000000000000000e+02 5.052000000000000067e-03
1.410000000000000000e+02 4.801999999999999845e-03
1.420000000000000000e+02 4.514999999999999916e-03
1.430000000000000000e+02 4.198000000000000342e-03
1.440000000000000000e+02 3.857000000000000185e-03
1.450000000000000000e+02 3.501000000000000206e-03
1.460000000000000000e+02 3.138000000000000164e-03
1.470000000000000000e+02 2.773999999999999990e-03
1.480000000000000000e+02 2.418000000000000010e-03
1.490000000000000000e+02 2.076999999999999853e-03
1.500000000000000000e+02 1.758000000000000014e-03
1.510000000000000000e+02 1.467999999999999904e-03
1.520000000000000000e+02 1.214000000000000018e-03
1.530000000000000000e+02 1.002000000000000069e-03
1.540000000000000000e+02 8.383000000000000477e-04
1.550000000000000000e+02 7.274000000000000084e-04
1.560000000000000000e+02 6.740999999999999596e-04
1.570000000000000000e+02 6.817000000000000360e-04
1.580000000000000000e+02 7.527999999999999753e-04
1.590000000000000000e+02 8.880000000000000089e-04
1.600000000000000000e+02 1.087000000000000076e-03
1.610000000000000000e+02 1.345999999999999974e-03
1.620000000000000000e+02 1.662999999999999982e-03
1.630000000000000000e+02 2.030999999999999819e-03
1.640000000000000000e+02 2.442000000000000160e-03
1.650000000000000000e+02 2.887999999999999942e-03
1.660000000000000000e+02 3.359000000000000007e-03
1.670000000000000000e+02 3.846000000000000026e-03
1.680000000000000000e+02 4.336999999999999710e-03
1.690000000000000000e+02 4.823000000000000030e-03
1.700000000000000000e+02 5.294000000000000095e-03
1.710000000000000000e+02 5.741999999999999708e-03
1.720000000000000000e+02 6.159000000000000412e-03
1.730000000000000000e+02 6.538999999999999674e-03
1.740000000000000000e+02 6.876000000000000167e-03
1.750000000000000000e+02 7.167999999999999892e-03
1.760000000000000000e+02 7.408999999999999787e-03
1.770000000000000000e+02 7.598999999999999852e-03
1.780000000000000000e+02 7.735999999999999821e-03
1.790000000000000000e+02 7.818000000000000296e-03
1.800000000000000000e+02 7.844999999999999543e-03
