# Elastic channel 
#  theta                   mb/sr                   ratio 
1.000000000000000021e-02 1.448300000000000000e+17 1.000000000000000000e+00
1.000000000000000000e+00 1.446200000000000000e+09 9.985399999999999832e-01
2.000000000000000000e+00 9.080600000000000000e+07 1.002999999999999892e+00
3.000000000000000000e+00 1.751500000000000000e+07 9.791400000000000103e-01
4.000000000000000000e+00 5.652200000000000000e+06 9.982999999999999652e-01
5.000000000000000000e+00 2.419100000000000000e+06 1.042699999999999960e+00
6.000000000000000000e+00 1.190600000000000000e+06 1.063499999999999890e+00
7.000000000000000000e+00 6.341700000000000000e+05 1.048699999999999966e+00
8.000000000000000000e+00 3.599100000000000000e+05 1.014599999999999946e+00
9.000000000000000000e+00 2.172600000000000000e+05 9.802199999999999802e-01
1.000000000000000000e+01 1.388600000000000000e+05 9.539499999999999647e-01
1.100000000000000000e+01 9.285400000000000000e+04 9.329399999999999915e-01
1.200000000000000000e+01 6.394700000000000000e+04 9.089099999999999957e-01
1.300000000000000000e+01 4.472200000000000000e+04 8.744199999999999751e-01
1.400000000000000000e+01 3.147800000000000000e+04 8.266900000000000359e-01
1.500000000000000000e+01 2.223100000000000000e+04 7.682700000000000085e-01
1.600000000000000000e+01 1.579600000000000000e+04 7.055700000000000305e-01
1.700000000000000000e+01 1.137300000000000000e+04 6.463400000000000256e-01
1.800000000000000000e+01 8.375686326999999437e+03 5.971899999999999986e-01
1.900000000000000000e+01 6.360211269999999786e+03 5.619199999999999751e-01
2.000000000000000000e+01 4.995694561000000249e+03 5.407999999999999474e-01
2.100000000000000000e+01 4.043652164999999968e+03 5.309700000000000530e-01
2.200000000000000000e+01 3.341721314999999777e+03 5.273900000000000254e-01
2.300000000000000000e+01 2.787237141000000065e+03 5.242700000000000138e-01
2.400000000000000000e+01 2.321434854000000087e+03 5.164600000000000302e-01
2.500000000000000000e+01 1.915302711999999929e+03 5.004300000000000415e-01
2.600000000000000000e+01 1.557890844000000016e+03 4.749499999999999833e-01
2.700000000000000000e+01 1.247437022000000070e+03 4.410899999999999821e-01
2.800000000000000000e+01 9.852599500000000035e+02 4.017999999999999905e-01
2.900000000000000000e+01 7.720809980000000223e+02 3.612600000000000255e-01
3.000000000000000000e+01 6.062764959999999519e+02 3.239099999999999757e-01
3.100000000000000000e+01 4.835133149999999773e+02 2.936099999999999821e-01
3.200000000000000000e+01 3.972502479999999991e+02 2.730099999999999749e-01
3.300000000000000000e+01 3.396669689999999946e+02 2.631399999999999850e-01
3.400000000000000000e+01 3.026861620000000244e+02 2.633300000000000085e-01
3.500000000000000000e+01 2.788634309999999914e+02 2.714699999999999891e-01
3.600000000000000000e+01 2.620200669999999832e+02 2.844599999999999906e-01
3.700000000000000000e+01 2.475769119999999930e+02 2.988000000000000100e-01
3.800000000000000000e+01 2.326090759999999875e+02 3.111400000000000277e-01
3.900000000000000000e+01 2.156802629999999965e+02 3.188300000000000023e-01
4.000000000000000000e+01 1.965338059999999984e+02 3.201899999999999746e-01
4.100000000000000000e+01 1.757189740000000029e+02 3.146900000000000253e-01
4.200000000000000000e+01 1.542203749999999900e+02 3.028500000000000081e-01
4.300000000000000000e+01 1.331403039999999862e+02 2.860099999999999865e-01
4.400000000000000000e+01 1.134633429999999947e+02 2.660199999999999787e-01
4.500000000000000000e+01 9.591296499999999980e+01 2.449099999999999888e-01
4.600000000000000000e+01 8.089403599999999983e+01 2.244899999999999951e-01
4.700000000000000000e+01 6.850431199999999876e+01 2.061999999999999944e-01
4.800000000000000000e+01 5.859251400000000132e+01 1.909200000000000064e-01
4.900000000000000000e+01 5.083991300000000280e+01 1.790100000000000025e-01
5.000000000000000000e+01 4.484529899999999714e+01 1.703199999999999992e-01
5.100000000000000000e+01 4.019846600000000336e+01 1.643999999999999906e-01
5.200000000000000000e+01 3.653343000000000274e+01 1.606299999999999950e-01
5.300000000000000000e+01 3.355845200000000261e+01 1.583700000000000108e-01
5.400000000000000000e+01 3.106461200000000034e+01 1.571099999999999997e-01
5.500000000000000000e+01 2.891785600000000045e+01 1.565100000000000102e-01
5.600000000000000000e+01 2.704086200000000062e+01 1.563900000000000012e-01
5.700000000000000000e+01 2.539114700000000013e+01 1.567099999999999882e-01
5.800000000000000000e+01 2.394071599999999833e+01 1.574699999999999989e-01
5.900000000000000000e+01 2.266085400000000050e+01 1.586299999999999932e-01
6.000000000000000000e+01 2.151377899999999954e+01 1.600900000000000101e-01
6.100000000000000000e+01 2.045111800000000102e+01 1.615699999999999914e-01
6.200000000000000000e+01 1.941786799999999857e+01 1.626799999999999913e-01
6.300000000000000000e+01 1.835974099999999964e+01 1.629200000000000093e-01
6.400000000000000000e+01 1.723156399999999877e+01 1.617800000000000071e-01
6.500000000000000000e+01 1.600462200000000124e+01 1.588100000000000067e-01
6.600000000000000000e+01 1.467142800000000058e+01 1.537000000000000033e-01
6.700000000000000000e+01 1.324707800000000013e+01 1.463700000000000001e-01
6.800000000000000000e+01 1.176711700000000071e+01 1.369900000000000007e-01
6.900000000000000000e+01 1.028242999999999974e+01 1.260000000000000009e-01
7.000000000000000000e+01 8.852138000000000062e+00 1.140700000000000047e-01
7.100000000000000000e+01 7.535673000000000066e+00 1.020199999999999996e-01
7.200000000000000000e+01 6.385208000000000439e+00 9.074300000000000421e-02
7.300000000000000000e+01 5.439456999999999987e+00 8.107200000000000517e-02
7.400000000000000000e+01 4.719541000000000430e+00 7.370799999999999574e-02
7.500000000000000000e+01 4.227280000000000371e+00 6.912100000000000188e-02
7.600000000000000000e+01 3.945892999999999873e+00 6.749600000000000044e-02
7.700000000000000000e+01 3.842804000000000109e+00 6.870800000000000518e-02
7.800000000000000000e+01 3.874003000000000085e+00 7.234500000000000652e-02
7.900000000000000000e+01 3.989297000000000093e+00 7.774999999999999967e-02
8.000000000000000000e+01 4.137766000000000055e+00 8.410099999999999520e-02
8.100000000000000000e+01 4.272775000000000212e+00 9.049999999999999711e-02
8.200000000000000000e+01 4.356035000000000323e+00 9.607799999999999674e-02
8.300000000000000000e+01 4.360389999999999766e+00 1.000800000000000023e-01
8.400000000000000000e+01 4.271149999999999558e+00 1.019400000000000028e-01
8.500000000000000000e+01 4.086015999999999870e+00 1.013399999999999995e-01
8.600000000000000000e+01 3.813762000000000096e+00 9.823099999999999887e-02
8.700000000000000000e+01 3.471959000000000017e+00 9.280800000000000161e-02
8.800000000000000000e+01 3.084099000000000146e+00 8.550199999999999467e-02
8.900000000000000000e+01 2.676489000000000118e+00 7.690900000000000514e-02
9.000000000000000000e+01 2.275262000000000118e+00 6.772300000000000542e-02
9.100000000000000000e+01 1.903783999999999921e+00 5.866099999999999787e-02
9.200000000000000000e+01 1.580686000000000035e+00 5.038999999999999729e-02
9.300000000000000000e+01 1.318618000000000068e+00 4.346400000000000263e-02
9.400000000000000000e+01 1.123753999999999920e+00 3.827799999999999953e-02
9.500000000000000000e+01 9.960010000000000252e-01 3.503900000000000070e-02
9.600000000000000000e+01 9.297849999999999726e-01 3.376300000000000134e-02
9.700000000000000000e+01 9.152559999999999585e-01 3.428699999999999803e-02
9.800000000000000000e+01 9.397320000000000118e-01 3.629799999999999693e-02
9.900000000000000000e+01 9.892119999999999802e-01 3.937600000000000128e-02
1.000000000000000000e+02 1.049798000000000009e+00 4.304100000000000287e-02
1.010000000000000000e+02 1.108897000000000022e+00 4.680299999999999738e-02
1.020000000000000000e+02 1.156139999999999946e+00 5.020899999999999669e-02
1.030000000000000000e+02 1.183956000000000008e+00 5.287800000000000139e-02
1.040000000000000000e+02 1.187808999999999893e+00 5.453000000000000208e-02
1.050000000000000000e+02 1.166136000000000061e+00 5.500200000000000228e-02
1.060000000000000000e+02 1.120025999999999966e+00 5.424799999999999761e-02
1.070000000000000000e+02 1.052721999999999936e+00 5.233499999999999958e-02
1.080000000000000000e+02 9.690180000000000460e-01 4.942300000000000165e-02
1.090000000000000000e+02 8.746150000000000313e-01 4.574299999999999894e-02
1.100000000000000000e+02 7.755079999999999751e-01 4.157299999999999884e-02
1.110000000000000000e+02 6.774440000000000461e-01 3.720600000000000296e-02
1.120000000000000000e+02 5.854869999999999797e-01 3.292899999999999994e-02
1.130000000000000000e+02 5.037030000000000118e-01 2.899799999999999947e-02
1.140000000000000000e+02 4.349779999999999758e-01 2.562100000000000141e-02
1.150000000000000000e+02 3.809460000000000068e-01 2.294799999999999965e-02
1.160000000000000000e+02 3.420300000000000007e-01 2.106200000000000086e-02
1.170000000000000000e+02 3.175649999999999862e-01 1.998300000000000076e-02
1.180000000000000000e+02 3.059810000000000030e-01 1.966599999999999945e-02
1.190000000000000000e+02 3.050309999999999966e-01 2.001700000000000007e-02
1.200000000000000000e+02 3.120350000000000068e-01 2.089699999999999891e-02
1.210000000000000000e+02 3.241299999999999737e-01 2.214500000000000149e-02
1.220000000000000000e+02 3.384969999999999923e-01 2.358299999999999980e-02
1.230000000000000000e+02 3.525650000000000173e-01 2.503800000000000123e-02
1.240000000000000000e+02 3.641690000000000205e-01 2.635200000000000042e-02
1.250000000000000000e+02 3.716650000000000231e-01 2.739199999999999968e-02
1.260000000000000000e+02 3.739830000000000099e-01 2.806300000000000114e-02
1.270000000000000000e+02 3.706400000000000250e-01 2.830600000000000130e-02
1.280000000000000000e+02 3.616940000000000155e-01 2.810199999999999851e-02
1.290000000000000000e+02 3.476639999999999731e-01 2.747099999999999889e-02
1.300000000000000000e+02 3.294250000000000234e-01 2.646199999999999941e-02
1.310000000000000000e+02 3.080769999999999897e-01 2.514900000000000121e-02
1.320000000000000000e+02 2.848289999999999988e-01 2.361900000000000110e-02
1.330000000000000000e+02 2.608790000000000275e-01 2.196800000000000141e-02
1.340000000000000000e+02 2.373290000000000122e-01 2.028699999999999948e-02
1.350000000000000000e+02 2.151150000000000007e-01 1.865899999999999850e-02
1.360000000000000000e+02 1.949720000000000064e-01 1.715500000000000011e-02
1.370000000000000000e+02 1.774199999999999944e-01 1.583000000000000032e-02
1.380000000000000000e+02 1.627740000000000020e-01 1.472200000000000071e-02
1.390000000000000000e+02 1.511579999999999868e-01 1.385300000000000073e-02
1.400000000000000000e+02 1.425349999999999950e-01 1.323200000000000071e-02
1.410000000000000000e+02 1.367369999999999974e-01 1.285400000000000084e-02
1.420000000000000000e+02 1.334879999999999955e-01 1.270199999999999975e-02
1.430000000000000000e+02 1.324309999999999932e-01 1.275199999999999945e-02
1.440000000000000000e+02 1.331489999999999896e-01 1.297000000000000063e-02
1.450000000000000000e+02 1.351870000000000016e-01 1.331599999999999971e-02
1.460000000000000000e+02 1.380699999999999983e-01 1.374799999999999980e-02
1.470000000000000000e+02 1.413270000000000082e-01 1.422099999999999927e-02
1.480000000000000000e+02 1.445120000000000016e-01 1.468999999999999993e-02
1.490000000000000000e+02 1.472219999999999918e-01 1.511400000000000070e-02
1.500000000000000000e+02 1.491210000000000035e-01 1.545499999999999999e-02
1.510000000000000000e+02 1.499520000000000020e-01 1.568500000000000102e-02
1.520000000000000000e+02 1.495470000000000133e-01 1.578200000000000089e-02
1.530000000000000000e+02 1.478339999999999932e-01 1.573499999999999899e-02
1.540000000000000000e+02 1.448339999999999905e-01 1.554299999999999952e-02
1.550000000000000000e+02 1.406509999999999982e-01 1.521400000000000009e-02
1.560000000000000000e+02 1.354660000000000031e-01 1.476399999999999935e-02
1.570000000000000000e+02 1.295189999999999952e-01 1.421900000000000074e-02
1.580000000000000000e+02 1.230919999999999931e-01 1.360800000000000030e-02
1.590000000000000000e+02 1.164960000000000023e-01 1.296399999999999983e-02
1.600000000000000000e+02 1.100489999999999940e-01 1.232399999999999989e-02
1.610000000000000000e+02 1.040579999999999977e-01 1.172300000000000078e-02
1.620000000000000000e+02 9.879899999999999793e-02 1.119400000000000082e-02
1.630000000000000000e+02 9.449899999999999967e-02 1.076500000000000026e-02
1.640000000000000000e+02 9.131200000000000427e-02 1.045399999999999975e-02
1.650000000000000000e+02 8.930899999999999950e-02 1.027400000000000015e-02
1.660000000000000000e+02 8.846700000000000397e-02 1.022200000000000018e-02
1.670000000000000000e+02 8.866799999999999682e-02 1.028800000000000027e-02
1.680000000000000000e+02 8.971300000000000108e-02 1.044899999999999995e-02
1.690000000000000000e+02 9.134200000000000652e-02 1.067599999999999973e-02
1.700000000000000000e+02 9.326299999999999868e-02 1.093599999999999954e-02
1.710000000000000000e+02 9.519299999999999984e-02 1.119400000000000082e-02
1.720000000000000000e+02 9.688900000000000290e-02 1.142400000000000013e-02
1.730000000000000000e+02 9.818000000000000338e-02 1.160199999999999947e-02
1.740000000000000000e+02 9.898400000000000254e-02 1.171999999999999952e-02
1.750000000000000000e+02 9.930999999999999550e-02 1.177899999999999954e-02
1.760000000000000000e+02 9.925000000000000488e-02 1.178799999999999987e-02
1.770000000000000000e+02 9.894899999999999529e-02 1.176499999999999942e-02
1.780000000000000000e+02 9.857399999999999496e-02 1.172899999999999984e-02
1.790000000000000000e+02 9.827700000000000324e-02 1.169899999999999933e-02
1.799900000000000091e+02 9.816600000000000326e-02 1.168800000000000047e-02


# DWBA 
#  theta                   mb/sr   
0.000000000000000000e+00 2.576000000000000068e+00
1.000000000000000000e+00 2.605999999999999872e+00
2.000000000000000000e+00 2.700000000000000178e+00
3.000000000000000000e+00 2.863999999999999879e+00
4.000000000000000000e+00 3.108000000000000096e+00
5.000000000000000000e+00 3.435999999999999943e+00
6.000000000000000000e+00 3.842000000000000082e+00
7.000000000000000000e+00 4.309000000000000163e+00
8.000000000000000000e+00 4.806000000000000050e+00
9.000000000000000000e+00 5.291999999999999815e+00
1.000000000000000000e+01 5.717999999999999972e+00
1.100000000000000000e+01 6.038999999999999702e+00
1.200000000000000000e+01 6.214999999999999858e+00
1.300000000000000000e+01 6.222000000000000419e+00
1.400000000000000000e+01 6.054000000000000270e+00
1.500000000000000000e+01 5.721000000000000085e+00
1.600000000000000000e+01 5.251999999999999780e+00
1.700000000000000000e+01 4.687999999999999723e+00
1.800000000000000000e+01 4.073999999999999844e+00
1.900000000000000000e+01 3.459999999999999964e+00
2.000000000000000000e+01 2.887000000000000011e+00
2.100000000000000000e+01 2.391000000000000014e+00
2.200000000000000000e+01 1.995999999999999996e+00
2.300000000000000000e+01 1.715000000000000080e+00
2.400000000000000000e+01 1.546999999999999931e+00
2.500000000000000000e+01 1.483999999999999986e+00
2.600000000000000000e+01 1.508999999999999897e+00
2.700000000000000000e+01 1.598000000000000087e+00
2.800000000000000000e+01 1.723999999999999977e+00
2.900000000000000000e+01 1.858999999999999986e+00
3.000000000000000000e+01 1.977999999999999980e+00
3.100000000000000000e+01 2.060000000000000053e+00
3.200000000000000000e+01 2.089999999999999858e+00
3.300000000000000000e+01 2.060000000000000053e+00
3.400000000000000000e+01 1.971999999999999975e+00
3.500000000000000000e+01 1.832999999999999963e+00
3.600000000000000000e+01 1.659000000000000030e+00
3.700000000000000000e+01 1.465000000000000080e+00
3.800000000000000000e+01 1.270000000000000018e+00
3.900000000000000000e+01 1.086999999999999966e+00
4.000000000000000000e+01 9.294999999999999929e-01
4.100000000000000000e+01 8.031000000000000361e-01
4.200000000000000000e+01 7.093000000000000416e-01
4.300000000000000000e+01 6.455999999999999517e-01
4.400000000000000000e+01 6.062999999999999501e-01
4.500000000000000000e+01 5.846000000000000085e-01
4.600000000000000000e+01 5.735999999999999988e-01
4.700000000000000000e+01 5.673000000000000265e-01
4.800000000000000000e+01 5.615999999999999881e-01
4.900000000000000000e+01 5.540000000000000480e-01
5.000000000000000000e+01 5.432000000000000162e-01
5.100000000000000000e+01 5.292999999999999927e-01
5.200000000000000000e+01 5.125999999999999446e-01
5.300000000000000000e+01 4.937000000000000277e-01
5.400000000000000000e+01 4.727999999999999980e-01
5.500000000000000000e+01 4.502999999999999781e-01
5.600000000000000000e+01 4.260999999999999788e-01
5.700000000000000000e+01 4.005000000000000226e-01
5.800000000000000000e+01 3.739000000000000101e-01
5.900000000000000000e+01 3.467000000000000082e-01
6.000000000000000000e+01 3.199000000000000177e-01
6.100000000000000000e+01 2.943999999999999950e-01
6.200000000000000000e+01 2.707999999999999852e-01
6.300000000000000000e+01 2.499000000000000110e-01
6.400000000000000000e+01 2.318000000000000060e-01
6.500000000000000000e+01 2.162999999999999923e-01
6.600000000000000000e+01 2.030000000000000138e-01
6.700000000000000000e+01 1.912999999999999978e-01
6.800000000000000000e+01 1.806999999999999995e-01
6.900000000000000000e+01 1.706999999999999906e-01
7.000000000000000000e+01 1.612000000000000099e-01
7.100000000000000000e+01 1.522000000000000020e-01
7.200000000000000000e+01 1.441999999999999948e-01
7.300000000000000000e+01 1.375000000000000111e-01
7.400000000000000000e+01 1.323999999999999899e-01
7.500000000000000000e+01 1.290999999999999925e-01
7.600000000000000000e+01 1.272000000000000075e-01
7.700000000000000000e+01 1.265999999999999903e-01
7.800000000000000000e+01 1.265000000000000013e-01
7.900000000000000000e+01 1.264000000000000123e-01
8.000000000000000000e+01 1.255000000000000004e-01
8.100000000000000000e+01 1.234999999999999987e-01
8.200000000000000000e+01 1.200999999999999984e-01
8.300000000000000000e+01 1.152999999999999997e-01
8.400000000000000000e+01 1.092999999999999944e-01
8.500000000000000000e+01 1.024000000000000049e-01
8.600000000000000000e+01 9.489999999999999825e-02
8.700000000000000000e+01 8.733000000000000485e-02
8.800000000000000000e+01 7.996000000000000330e-02
8.900000000000000000e+01 7.306999999999999607e-02
9.000000000000000000e+01 6.680999999999999439e-02
9.100000000000000000e+01 6.128999999999999726e-02
9.200000000000000000e+01 5.659000000000000141e-02
9.300000000000000000e+01 5.274999999999999828e-02
9.400000000000000000e+01 4.982000000000000317e-02
9.500000000000000000e+01 4.782999999999999752e-02
9.600000000000000000e+01 4.678000000000000214e-02
9.700000000000000000e+01 4.662999999999999784e-02
9.800000000000000000e+01 4.723999999999999727e-02
9.900000000000000000e+01 4.839999999999999858e-02
1.000000000000000000e+02 4.982000000000000317e-02
1.010000000000000000e+02 5.115999999999999714e-02
1.020000000000000000e+02 5.211999999999999966e-02
1.030000000000000000e+02 5.244000000000000050e-02
1.040000000000000000e+02 5.199000000000000149e-02
1.050000000000000000e+02 5.079000000000000181e-02
1.060000000000000000e+02 4.895999999999999658e-02
1.070000000000000000e+02 4.671000000000000152e-02
1.080000000000000000e+02 4.426999999999999685e-02
1.090000000000000000e+02 4.184000000000000219e-02
1.100000000000000000e+02 3.951999999999999957e-02
1.110000000000000000e+02 3.731000000000000288e-02
1.120000000000000000e+02 3.513999999999999763e-02
1.130000000000000000e+02 3.289000000000000257e-02
1.140000000000000000e+02 3.047000000000000056e-02
1.150000000000000000e+02 2.784999999999999976e-02
1.160000000000000000e+02 2.511999999999999997e-02
1.170000000000000000e+02 2.242999999999999855e-02
1.180000000000000000e+02 2.002999999999999919e-02
1.190000000000000000e+02 1.814999999999999947e-02
1.200000000000000000e+02 1.695999999999999938e-02
1.210000000000000000e+02 1.654999999999999874e-02
1.220000000000000000e+02 1.685999999999999999e-02
1.230000000000000000e+02 1.771000000000000005e-02
1.240000000000000000e+02 1.884999999999999870e-02
1.250000000000000000e+02 1.998000000000000123e-02
1.260000000000000000e+02 2.085000000000000048e-02
1.270000000000000000e+02 2.128000000000000030e-02
1.280000000000000000e+02 2.123999999999999846e-02
1.290000000000000000e+02 2.082000000000000170e-02
1.300000000000000000e+02 2.019999999999999921e-02
1.310000000000000000e+02 1.959999999999999937e-02
1.320000000000000000e+02 1.922000000000000097e-02
1.330000000000000000e+02 1.915999999999999995e-02
1.340000000000000000e+02 1.938000000000000139e-02
1.350000000000000000e+02 1.974000000000000060e-02
1.360000000000000000e+02 1.998000000000000123e-02
1.370000000000000000e+02 1.984999999999999959e-02
1.380000000000000000e+02 1.913000000000000117e-02
1.390000000000000000e+02 1.773999999999999883e-02
1.400000000000000000e+02 1.575999999999999970e-02
1.410000000000000000e+02 1.344000000000000056e-02
1.420000000000000000e+02 1.111000000000000008e-02
1.430000000000000000e+02 9.136999999999999289e-03
1.440000000000000000e+02 7.805999999999999571e-03
1.450000000000000000e+02 7.267000000000000022e-03
1.460000000000000000e+02 7.491000000000000263e-03
1.470000000000000000e+02 8.285999999999999963e-03
1.480000000000000000e+02 9.353999999999999468e-03
1.490000000000000000e+02 1.038000000000000034e-02
1.500000000000000000e+02 1.110000000000000049e-02
1.510000000000000000e+02 1.139000000000000082e-02
1.520000000000000000e+02 1.128000000000000010e-02
1.530000000000000000e+02 1.091999999999999915e-02
1.540000000000000000e+02 1.054000000000000076e-02
1.550000000000000000e+02 1.038999999999999993e-02
1.560000000000000000e+02 1.064000000000000015e-02
1.570000000000000000e+02 1.133999999999999939e-02
1.580000000000000000e+02 1.242000000000000048e-02
1.590000000000000000e+02 1.369000000000000078e-02
1.600000000000000000e+02 1.490000000000000005e-02
1.610000000000000000e+02 1.578999999999999848e-02
1.620000000000000000e+02 1.619999999999999912e-02
1.630000000000000000e+02 1.603999999999999870e-02
1.640000000000000000e+02 1.538999999999999917e-02
1.650000000000000000e+02 1.443000000000000012e-02
1.660000000000000000e+02 1.342999999999999923e-02
1.670000000000000000e+02 1.268000000000000030e-02
1.680000000000000000e+02 1.238000000000000038e-02
1.690000000000000000e+02 1.265999999999999938e-02
1.700000000000000000e+02 1.348000000000000066e-02
1.710000000000000000e+02 1.468000000000000034e-02
1.720000000000000000e+02 1.600000000000000033e-02
1.730000000000000000e+02 1.713999999999999899e-02
1.740000000000000000e+02 1.788000000000000006e-02
1.750000000000000000e+02 1.808999999999999844e-02
1.760000000000000000e+02 1.779999999999999985e-02
1.770000000000000000e+02 1.716000000000000164e-02
1.780000000000000000e+02 1.642000000000000057e-02
1.790000000000000000e+02 1.583999999999999991e-02
1.800000000000000000e+02 1.563000000000000153e-02
