# Elastic channel 
#  theta                   mb/sr                   ratio 
1.000000000000000021e-02 2.262900000000000000e+17 1.000000000000000000e+00
1.000000000000000000e+00 2.263600000000000000e+09 1.000199999999999978e+00
2.000000000000000000e+00 1.418700000000000000e+08 1.002899999999999903e+00
3.000000000000000000e+00 2.806400000000000000e+07 1.004099999999999993e+00
4.000000000000000000e+00 8.679600000000000000e+06 9.811100000000000376e-01
5.000000000000000000e+00 3.557700000000000000e+06 9.813800000000000301e-01
6.000000000000000000e+00 1.767900000000000000e+06 1.010699999999999932e+00
7.000000000000000000e+00 9.843800000000000000e+05 1.041900000000000048e+00
8.000000000000000000e+00 5.844500000000000000e+05 1.054400000000000004e+00
9.000000000000000000e+00 3.624800000000000000e+05 1.046699999999999964e+00
1.000000000000000000e+01 2.338500000000000000e+05 1.028100000000000014e+00
1.100000000000000000e+01 1.570000000000000000e+05 1.009600000000000053e+00
1.200000000000000000e+01 1.095200000000000000e+05 9.962800000000000544e-01
1.300000000000000000e+01 7.891500000000000000e+04 9.875000000000000444e-01
1.400000000000000000e+01 5.820800000000000000e+04 9.783800000000000274e-01
1.500000000000000000e+01 4.354900000000000000e+04 9.631999999999999451e-01
1.600000000000000000e+01 3.280900000000000000e+04 9.378900000000000015e-01
1.700000000000000000e+01 2.478200000000000000e+04 9.013299999999999645e-01
1.800000000000000000e+01 1.874500000000000000e+04 8.553699999999999637e-01
1.900000000000000000e+01 1.421900000000000000e+04 8.039699999999999624e-01
2.000000000000000000e+01 1.085400000000000000e+04 7.520099999999999563e-01
2.100000000000000000e+01 8.376775078000000576e+03 7.039699999999999847e-01
2.200000000000000000e+01 6.564719865000000027e+03 6.630599999999999827e-01
2.300000000000000000e+01 5.239409163999999691e+03 6.307300000000000129e-01
2.400000000000000000e+01 4.260572748999999931e+03 6.066300000000000026e-01
2.500000000000000000e+01 3.522149747999999818e+03 5.889799999999999480e-01
2.600000000000000000e+01 2.947584330000000136e+03 5.751199999999999646e-01
2.700000000000000000e+01 2.484514971000000060e+03 5.622399999999999620e-01
2.800000000000000000e+01 2.099275815999999850e+03 5.479100000000000081e-01
2.900000000000000000e+01 1.771692536999999902e+03 5.305499999999999661e-01
3.000000000000000000e+01 1.490547096999999894e+03 5.096500000000000474e-01
3.100000000000000000e+01 1.249926312000000053e+03 4.857600000000000251e-01
3.200000000000000000e+01 1.046518395000000055e+03 4.602999999999999869e-01
3.300000000000000000e+01 8.778051420000000462e+02 4.352199999999999958e-01
3.400000000000000000e+01 7.410213820000000169e+02 4.125900000000000123e-01
3.500000000000000000e+01 6.327143690000000333e+02 3.941999999999999948e-01
3.600000000000000000e+01 5.487265330000000176e+02 3.812699999999999978e-01
3.700000000000000000e+01 4.844371130000000107e+02 3.741800000000000126e-01
3.800000000000000000e+01 4.351236250000000041e+02 3.724999999999999978e-01
3.900000000000000000e+01 3.963363840000000096e+02 3.749600000000000155e-01
4.000000000000000000e+01 3.642130230000000211e+02 3.797599999999999865e-01
4.100000000000000000e+01 3.356915280000000052e+02 3.847599999999999909e-01
4.200000000000000000e+01 3.086071010000000001e+02 3.878499999999999726e-01
4.300000000000000000e+01 2.816788869999999747e+02 3.872599999999999931e-01
4.400000000000000000e+01 2.544067660000000046e+02 3.817400000000000237e-01
4.500000000000000000e+01 2.269062889999999868e+02 3.708099999999999730e-01
4.600000000000000000e+01 1.997121860000000027e+02 3.547000000000000153e-01
4.700000000000000000e+01 1.735788359999999955e+02 3.343800000000000106e-01
4.800000000000000000e+01 1.493009739999999965e+02 3.113600000000000256e-01
4.900000000000000000e+01 1.275709590000000020e+02 2.874800000000000133e-01
5.000000000000000000e+01 1.088814789999999988e+02 2.646600000000000064e-01
5.100000000000000000e+01 9.347548700000000110e+01 2.446699999999999986e-01
5.200000000000000000e+01 8.133930399999999850e+01 2.288800000000000001e-01
5.300000000000000000e+01 7.223059499999999389e+01 2.181599999999999928e-01
5.400000000000000000e+01 6.573053000000000168e+01 2.127600000000000047e-01
5.500000000000000000e+01 6.130875100000000089e+01 2.123700000000000032e-01
5.600000000000000000e+01 5.839062799999999953e+01 2.161299999999999888e-01
5.700000000000000000e+01 5.641815400000000125e+01 2.228499999999999925e-01
5.800000000000000000e+01 5.489842900000000014e+01 2.310899999999999899e-01
5.900000000000000000e+01 5.343640099999999649e+01 2.394100000000000117e-01
6.000000000000000000e+01 5.175116100000000330e+01 2.464600000000000124e-01
6.100000000000000000e+01 4.967717900000000242e+01 2.511700000000000044e-01
6.200000000000000000e+01 4.715341999999999700e+01 2.528199999999999892e-01
6.300000000000000000e+01 4.420406200000000041e+01 2.510399999999999854e-01
6.400000000000000000e+01 4.091475799999999907e+01 2.458500000000000130e-01
6.500000000000000000e+01 3.740802899999999909e+01 2.375599999999999934e-01
6.600000000000000000e+01 3.382067399999999679e+01 2.267599999999999894e-01
6.700000000000000000e+01 3.028518700000000052e+01 2.141599999999999893e-01
6.800000000000000000e+01 2.691624699999999848e+01 2.005399999999999960e-01
6.900000000000000000e+01 2.380247800000000069e+01 1.866700000000000026e-01
7.000000000000000000e+01 2.100306499999999943e+01 1.732200000000000129e-01
7.100000000000000000e+01 1.854831700000000083e+01 1.607200000000000017e-01
7.200000000000000000e+01 1.644309600000000060e+01 1.495599999999999985e-01
7.300000000000000000e+01 1.467196599999999940e+01 1.399499999999999911e-01
7.400000000000000000e+01 1.320506499999999939e+01 1.319899999999999962e-01
7.500000000000000000e+01 1.200387199999999943e+01 1.256200000000000094e-01
7.600000000000000000e+01 1.102630800000000022e+01 1.207099999999999979e-01
7.700000000000000000e+01 1.023082499999999939e+01 1.170699999999999935e-01
7.800000000000000000e+01 9.579344999999999999e+00 1.144899999999999946e-01
7.900000000000000000e+01 9.039068000000000325e+00 1.127500000000000030e-01
8.000000000000000000e+01 8.583258000000000720e+00 1.116499999999999992e-01
8.100000000000000000e+01 8.191193999999999420e+00 1.110399999999999998e-01
8.200000000000000000e+01 7.847495999999999583e+00 1.107800000000000035e-01
8.300000000000000000e+01 7.541057000000000343e+00 1.107699999999999935e-01
8.400000000000000000e+01 7.263772000000000340e+00 1.109600000000000031e-01
8.500000000000000000e+01 7.009280999999999651e+00 1.112599999999999978e-01
8.600000000000000000e+01 6.771878000000000064e+00 1.116299999999999931e-01
8.700000000000000000e+01 6.545730999999999966e+00 1.119799999999999962e-01
8.800000000000000000e+01 6.324474000000000373e+00 1.122200000000000003e-01
8.900000000000000000e+01 6.101227999999999874e+00 1.121999999999999942e-01
9.000000000000000000e+01 5.868992000000000431e+00 1.117999999999999966e-01
9.100000000000000000e+01 5.621335000000000193e+00 1.108500000000000041e-01
9.200000000000000000e+01 5.353257000000000154e+00 1.092199999999999976e-01
9.300000000000000000e+01 5.062038000000000260e+00 1.067899999999999960e-01
9.400000000000000000e+01 4.747936000000000156e+00 1.034999999999999948e-01
9.500000000000000000e+01 4.414573999999999998e+00 9.939299999999999524e-02
9.600000000000000000e+01 4.068909999999999805e+00 9.456199999999999328e-02
9.700000000000000000e+01 3.720781000000000116e+00 8.920799999999999563e-02
9.800000000000000000e+01 3.382016000000000133e+00 8.360599999999999976e-02
9.900000000000000000e+01 3.065258000000000038e+00 7.808900000000000563e-02
1.000000000000000000e+02 2.782618999999999954e+00 7.301499999999999657e-02
1.010000000000000000e+02 2.544353000000000087e+00 6.872999999999999943e-02
1.020000000000000000e+02 2.357736000000000054e+00 6.553100000000000591e-02
1.030000000000000000e+02 2.226290999999999798e+00 6.363599999999999812e-02
1.040000000000000000e+02 2.149449000000000165e+00 6.315400000000000180e-02
1.050000000000000000e+02 2.122691000000000106e+00 6.407599999999999407e-02
1.060000000000000000e+02 2.138114999999999988e+00 6.627800000000000358e-02
1.070000000000000000e+02 2.185335999999999945e+00 6.953099999999999559e-02
1.080000000000000000e+02 2.252574000000000076e+00 7.352799999999999614e-02
1.090000000000000000e+02 2.327783999999999853e+00 7.791700000000000015e-02
1.100000000000000000e+02 2.399666999999999994e+00 8.232899999999999940e-02
1.110000000000000000e+02 2.458464999999999900e+00 8.641400000000000470e-02
1.120000000000000000e+02 2.496468999999999827e+00 8.985999999999999543e-02
1.130000000000000000e+02 2.508239000000000107e+00 9.241399999999999615e-02
1.140000000000000000e+02 2.490565000000000140e+00 9.388699999999999823e-02
1.150000000000000000e+02 2.442255999999999982e+00 9.415700000000000458e-02
1.160000000000000000e+02 2.363836000000000048e+00 9.316299999999999581e-02
1.170000000000000000e+02 2.257241000000000053e+00 9.090399999999999869e-02
1.180000000000000000e+02 2.125570999999999877e+00 8.743399999999999783e-02
1.190000000000000000e+02 1.972925000000000040e+00 8.285800000000000110e-02
1.200000000000000000e+02 1.804314999999999891e+00 7.733500000000000096e-02
1.210000000000000000e+02 1.625596000000000041e+00 7.107900000000000329e-02
1.220000000000000000e+02 1.443378000000000050e+00 6.435799999999999854e-02
1.230000000000000000e+02 1.264839000000000047e+00 5.748700000000000337e-02
1.240000000000000000e+02 1.097399000000000013e+00 5.082099999999999812e-02
1.250000000000000000e+02 9.482509999999999550e-01 4.472799999999999693e-02
1.260000000000000000e+02 8.237759999999999527e-01 3.956199999999999994e-02
1.270000000000000000e+02 7.288989999999999636e-01 3.562699999999999895e-02
1.280000000000000000e+02 6.664940000000000309e-01 3.314199999999999785e-02
1.290000000000000000e+02 6.369399999999999507e-01 3.221000000000000252e-02
1.300000000000000000e+02 6.379110000000000058e-01 3.279499999999999776e-02
1.310000000000000000e+02 6.644919999999999716e-01 3.471599999999999686e-02
1.320000000000000000e+02 7.096139999999999670e-01 3.765999999999999903e-02
1.330000000000000000e+02 7.647899999999999698e-01 4.121699999999999670e-02
1.340000000000000000e+02 8.210659999999999625e-01 4.491900000000000059e-02
1.350000000000000000e+02 8.700470000000000148e-01 4.830000000000000265e-02
1.360000000000000000e+02 9.048680000000000057e-01 5.095600000000000129e-02
1.370000000000000000e+02 9.209610000000000296e-01 5.258899999999999686e-02
1.380000000000000000e+02 9.164989999999999526e-01 5.304999999999999993e-02
1.390000000000000000e+02 8.924569999999999448e-01 5.234599999999999670e-02
1.400000000000000000e+02 8.522859999999999880e-01 5.063700000000000145e-02
1.410000000000000000e+02 8.012460000000000138e-01 4.820499999999999785e-02
1.420000000000000000e+02 7.455310000000000548e-01 4.540299999999999891e-02
1.430000000000000000e+02 6.913010000000000543e-01 4.260300000000000198e-02
1.440000000000000000e+02 6.438040000000000429e-01 4.013499999999999707e-02
1.450000000000000000e+02 6.067019999999999635e-01 3.824700000000000322e-02
1.460000000000000000e+02 5.817219999999999613e-01 3.707200000000000079e-02
1.470000000000000000e+02 5.686470000000000136e-01 3.662100000000000077e-02
1.480000000000000000e+02 5.656550000000000189e-01 3.680100000000000038e-02
1.490000000000000000e+02 5.698999999999999622e-01 3.744399999999999812e-02
1.500000000000000000e+02 5.782399999999999762e-01 3.835500000000000020e-02
1.510000000000000000e+02 5.879459999999999686e-01 3.935899999999999815e-02
1.520000000000000000e+02 5.972800000000000331e-01 4.034000000000000086e-02
1.530000000000000000e+02 6.058230000000000004e-01 4.126799999999999913e-02
1.540000000000000000e+02 6.144990000000000174e-01 4.220499999999999946e-02
1.550000000000000000e+02 6.253009999999999957e-01 4.328699999999999909e-02
1.560000000000000000e+02 6.407770000000000410e-01 4.469599999999999962e-02
1.570000000000000000e+02 6.633719999999999617e-01 4.660899999999999765e-02
1.580000000000000000e+02 6.947609999999999619e-01 4.915499999999999731e-02
1.590000000000000000e+02 7.353060000000000151e-01 5.236899999999999888e-02
1.600000000000000000e+02 7.837340000000000417e-01 5.617199999999999971e-02
1.610000000000000000e+02 8.371110000000000495e-01 6.035800000000000193e-02
1.620000000000000000e+02 8.911139999999999617e-01 6.461799999999999489e-02
1.630000000000000000e+02 9.405660000000000132e-01 6.857199999999999407e-02
1.640000000000000000e+02 9.801419999999999577e-01 7.181999999999999496e-02
1.650000000000000000e+02 1.005119000000000096e+00 7.399999999999999634e-02
1.660000000000000000e+02 1.012051999999999952e+00 7.484300000000000674e-02
1.670000000000000000e+02 9.992590000000000083e-01 7.420200000000000407e-02
1.680000000000000000e+02 9.670400000000000107e-01 7.208499999999999630e-02
1.690000000000000000e+02 9.176020000000000287e-01 6.864099999999999369e-02
1.700000000000000000e+02 8.547139999999999738e-01 6.414200000000000457e-02
1.710000000000000000e+02 7.831609999999999960e-01 5.894300000000000234e-02
1.720000000000000000e+02 7.080999999999999517e-01 5.343200000000000033e-02
1.730000000000000000e+02 6.344279999999999919e-01 4.798199999999999688e-02
1.740000000000000000e+02 5.662709999999999688e-01 4.291299999999999976e-02
1.750000000000000000e+02 5.066650000000000320e-01 3.846000000000000113e-02
1.760000000000000000e+02 4.574719999999999898e-01 3.477399999999999936e-02
1.770000000000000000e+02 4.195019999999999860e-01 3.192099999999999799e-02
1.780000000000000000e+02 3.928039999999999865e-01 2.991299999999999862e-02
1.790000000000000000e+02 3.770399999999999863e-01 2.872500000000000053e-02
1.799900000000000091e+02 3.718380000000000019e-01 2.833300000000000055e-02


# DWBA 
#  theta                   mb/sr   
0.000000000000000000e+00 1.102000000000000063e-01
1.000000000000000000e+00 1.100000000000000006e-01
2.000000000000000000e+00 1.092999999999999944e-01
3.000000000000000000e+00 1.083999999999999964e-01
4.000000000000000000e+00 1.078000000000000069e-01
5.000000000000000000e+00 1.078000000000000069e-01
6.000000000000000000e+00 1.088999999999999968e-01
7.000000000000000000e+00 1.113999999999999990e-01
8.000000000000000000e+00 1.155999999999999944e-01
9.000000000000000000e+00 1.215999999999999998e-01
1.000000000000000000e+01 1.293999999999999873e-01
1.100000000000000000e+01 1.388000000000000067e-01
1.200000000000000000e+01 1.496999999999999997e-01
1.300000000000000000e+01 1.618999999999999884e-01
1.400000000000000000e+01 1.753000000000000114e-01
1.500000000000000000e+01 1.900999999999999912e-01
1.600000000000000000e+01 2.064000000000000001e-01
1.700000000000000000e+01 2.245000000000000051e-01
1.800000000000000000e+01 2.447000000000000008e-01
1.900000000000000000e+01 2.674000000000000266e-01
2.000000000000000000e+01 2.926000000000000267e-01
2.100000000000000000e+01 3.201999999999999846e-01
2.200000000000000000e+01 3.497000000000000108e-01
2.300000000000000000e+01 3.803000000000000269e-01
2.400000000000000000e+01 4.106000000000000205e-01
2.500000000000000000e+01 4.391999999999999793e-01
2.600000000000000000e+01 4.641000000000000125e-01
2.700000000000000000e+01 4.835999999999999743e-01
2.800000000000000000e+01 4.959999999999999964e-01
2.900000000000000000e+01 5.000999999999999890e-01
3.000000000000000000e+01 4.949999999999999956e-01
3.100000000000000000e+01 4.807000000000000162e-01
3.200000000000000000e+01 4.576999999999999957e-01
3.300000000000000000e+01 4.274000000000000021e-01
3.400000000000000000e+01 3.915000000000000147e-01
3.500000000000000000e+01 3.523999999999999910e-01
3.600000000000000000e+01 3.126999999999999780e-01
3.700000000000000000e+01 2.746999999999999997e-01
3.800000000000000000e+01 2.409000000000000030e-01
3.900000000000000000e+01 2.127999999999999892e-01
4.000000000000000000e+01 1.917999999999999983e-01
4.100000000000000000e+01 1.782999999999999863e-01
4.200000000000000000e+01 1.718999999999999972e-01
4.300000000000000000e+01 1.719999999999999862e-01
4.400000000000000000e+01 1.771000000000000074e-01
4.500000000000000000e+01 1.854999999999999982e-01
4.600000000000000000e+01 1.953000000000000014e-01
4.700000000000000000e+01 2.049999999999999878e-01
4.800000000000000000e+01 2.129999999999999949e-01
4.900000000000000000e+01 2.179999999999999993e-01
5.000000000000000000e+01 2.195000000000000007e-01
5.100000000000000000e+01 2.172000000000000042e-01
5.200000000000000000e+01 2.111000000000000099e-01
5.300000000000000000e+01 2.018000000000000071e-01
5.400000000000000000e+01 1.900999999999999912e-01
5.500000000000000000e+01 1.766000000000000070e-01
5.600000000000000000e+01 1.622999999999999998e-01
5.700000000000000000e+01 1.479000000000000037e-01
5.800000000000000000e+01 1.342000000000000137e-01
5.900000000000000000e+01 1.214999999999999969e-01
6.000000000000000000e+01 1.103999999999999981e-01
6.100000000000000000e+01 1.009000000000000036e-01
6.200000000000000000e+01 9.332000000000000017e-02
6.300000000000000000e+01 8.756999999999999507e-02
6.400000000000000000e+01 8.366999999999999438e-02
6.500000000000000000e+01 8.154000000000000137e-02
6.600000000000000000e+01 8.107999999999999929e-02
6.700000000000000000e+01 8.211000000000000243e-02
6.800000000000000000e+01 8.440999999999999892e-02
6.900000000000000000e+01 8.765000000000000568e-02
7.000000000000000000e+01 9.143999999999999351e-02
7.100000000000000000e+01 9.531000000000000583e-02
7.200000000000000000e+01 9.876000000000000056e-02
7.300000000000000000e+01 1.013000000000000012e-01
7.400000000000000000e+01 1.023000000000000020e-01
7.500000000000000000e+01 1.015999999999999959e-01
7.600000000000000000e+01 9.890999999999999792e-02
7.700000000000000000e+01 9.413000000000000533e-02
7.800000000000000000e+01 8.744999999999999996e-02
7.900000000000000000e+01 7.921999999999999875e-02
8.000000000000000000e+01 6.994000000000000217e-02
8.100000000000000000e+01 6.024000000000000188e-02
8.200000000000000000e+01 5.075000000000000344e-02
8.300000000000000000e+01 4.209000000000000241e-02
8.400000000000000000e+01 3.477000000000000229e-02
8.500000000000000000e+01 2.914999999999999883e-02
8.600000000000000000e+01 2.537999999999999978e-02
8.700000000000000000e+01 2.341999999999999985e-02
8.800000000000000000e+01 2.304000000000000145e-02
8.900000000000000000e+01 2.387999999999999845e-02
9.000000000000000000e+01 2.547999999999999918e-02
9.100000000000000000e+01 2.738000000000000156e-02
9.200000000000000000e+01 2.914999999999999883e-02
9.300000000000000000e+01 3.045000000000000137e-02
9.400000000000000000e+01 3.109999999999999917e-02
9.500000000000000000e+01 3.100999999999999937e-02
9.600000000000000000e+01 3.025999999999999870e-02
9.700000000000000000e+01 2.903000000000000025e-02
9.800000000000000000e+01 2.755000000000000157e-02
9.900000000000000000e+01 2.605999999999999983e-02
1.000000000000000000e+02 2.477999999999999994e-02
1.010000000000000000e+02 2.386999999999999886e-02
1.020000000000000000e+02 2.339000000000000107e-02
1.030000000000000000e+02 2.331000000000000086e-02
1.040000000000000000e+02 2.352999999999999883e-02
1.050000000000000000e+02 2.387999999999999845e-02
1.060000000000000000e+02 2.418000000000000010e-02
1.070000000000000000e+02 2.426000000000000031e-02
1.080000000000000000e+02 2.398000000000000131e-02
1.090000000000000000e+02 2.329000000000000167e-02
1.100000000000000000e+02 2.219000000000000139e-02
1.110000000000000000e+02 2.076000000000000068e-02
1.120000000000000000e+02 1.913000000000000117e-02
1.130000000000000000e+02 1.745999999999999983e-02
1.140000000000000000e+02 1.591000000000000053e-02
1.150000000000000000e+02 1.461999999999999932e-02
1.160000000000000000e+02 1.367999999999999945e-02
1.170000000000000000e+02 1.311999999999999972e-02
1.180000000000000000e+02 1.291999999999999919e-02
1.190000000000000000e+02 1.301000000000000073e-02
1.200000000000000000e+02 1.328000000000000014e-02
1.210000000000000000e+02 1.362999999999999975e-02
1.220000000000000000e+02 1.393999999999999927e-02
1.230000000000000000e+02 1.413000000000000020e-02
1.240000000000000000e+02 1.417000000000000030e-02
1.250000000000000000e+02 1.404000000000000040e-02
1.260000000000000000e+02 1.379000000000000017e-02
1.270000000000000000e+02 1.348000000000000066e-02
1.280000000000000000e+02 1.315999999999999982e-02
1.290000000000000000e+02 1.290999999999999960e-02
1.300000000000000000e+02 1.276000000000000051e-02
1.310000000000000000e+02 1.272000000000000040e-02
1.320000000000000000e+02 1.277000000000000010e-02
1.330000000000000000e+02 1.285999999999999990e-02
1.340000000000000000e+02 1.294000000000000011e-02
1.350000000000000000e+02 1.294000000000000011e-02
1.360000000000000000e+02 1.280000000000000061e-02
1.370000000000000000e+02 1.250000000000000069e-02
1.380000000000000000e+02 1.204000000000000035e-02
1.390000000000000000e+02 1.145999999999999970e-02
1.400000000000000000e+02 1.081999999999999976e-02
1.410000000000000000e+02 1.017999999999999981e-02
1.420000000000000000e+02 9.643000000000000529e-03
1.430000000000000000e+02 9.263000000000000400e-03
1.440000000000000000e+02 9.088000000000000592e-03
1.450000000000000000e+02 9.129999999999999227e-03
1.460000000000000000e+02 9.367000000000000326e-03
1.470000000000000000e+02 9.747999999999999721e-03
1.480000000000000000e+02 1.020000000000000073e-02
1.490000000000000000e+02 1.064999999999999974e-02
1.500000000000000000e+02 1.102000000000000028e-02
1.510000000000000000e+02 1.125999999999999918e-02
1.520000000000000000e+02 1.133999999999999939e-02
1.530000000000000000e+02 1.127000000000000050e-02
1.540000000000000000e+02 1.106999999999999998e-02
1.550000000000000000e+02 1.080000000000000057e-02
1.560000000000000000e+02 1.051999999999999984e-02
1.570000000000000000e+02 1.026999999999999962e-02
1.580000000000000000e+02 1.010999999999999920e-02
1.590000000000000000e+02 1.004999999999999991e-02
1.600000000000000000e+02 1.009000000000000001e-02
1.610000000000000000e+02 1.021000000000000033e-02
1.620000000000000000e+02 1.038999999999999993e-02
1.630000000000000000e+02 1.059000000000000045e-02
1.640000000000000000e+02 1.078999999999999924e-02
1.650000000000000000e+02 1.101000000000000069e-02
1.660000000000000000e+02 1.125999999999999918e-02
1.670000000000000000e+02 1.162000000000000012e-02
1.680000000000000000e+02 1.216000000000000067e-02
1.690000000000000000e+02 1.295999999999999930e-02
1.700000000000000000e+02 1.409999999999999969e-02
1.710000000000000000e+02 1.562000000000000020e-02
1.720000000000000000e+02 1.754000000000000004e-02
1.730000000000000000e+02 1.981000000000000122e-02
1.740000000000000000e+02 2.232999999999999916e-02
1.750000000000000000e+02 2.494000000000000036e-02
1.760000000000000000e+02 2.745999999999999830e-02
1.770000000000000000e+02 2.970000000000000070e-02
1.780000000000000000e+02 3.146000000000000185e-02
1.790000000000000000e+02 3.257999999999999785e-02
1.800000000000000000e+02 3.296999999999999931e-02
