# Elastic channel 
#  theta                   mb/sr                   ratio 
1.000000000000000021e-02 2.262900000000000000e+17 1.000000000000000000e+00
1.000000000000000000e+00 2.263300000000000000e+09 1.000099999999999989e+00
2.000000000000000000e+00 1.419000000000000000e+08 1.003100000000000103e+00
3.000000000000000000e+00 2.803700000000000000e+07 1.003100000000000103e+00
4.000000000000000000e+00 8.683100000000000000e+06 9.815099999999999936e-01
5.000000000000000000e+00 3.565400000000000000e+06 9.835000000000000409e-01
6.000000000000000000e+00 1.770600000000000000e+06 1.012199999999999989e+00
7.000000000000000000e+00 9.839400000000000000e+05 1.041400000000000103e+00
8.000000000000000000e+00 5.834500000000000000e+05 1.052599999999999980e+00
9.000000000000000000e+00 3.619200000000000000e+05 1.044999999999999929e+00
1.000000000000000000e+01 2.337000000000000000e+05 1.027500000000000080e+00
1.100000000000000000e+01 1.569800000000000000e+05 1.009400000000000075e+00
1.200000000000000000e+01 1.094100000000000000e+05 9.952499999999999680e-01
1.300000000000000000e+01 7.863500000000000000e+04 9.839999999999999858e-01
1.400000000000000000e+01 5.780000000000000000e+04 9.715200000000000502e-01
1.500000000000000000e+01 4.309500000000000000e+04 9.531600000000000072e-01
1.600000000000000000e+01 3.238700000000000000e+04 9.258399999999999963e-01
1.700000000000000000e+01 2.444300000000000000e+04 8.890200000000000324e-01
1.800000000000000000e+01 1.850700000000000000e+04 8.445099999999999829e-01
1.900000000000000000e+01 1.407400000000000000e+04 7.957899999999999974e-01
2.000000000000000000e+01 1.078000000000000000e+04 7.468500000000000139e-01
2.100000000000000000e+01 8.344874040999999124e+03 7.012899999999999689e-01
2.200000000000000000e+01 6.550091935000000376e+03 6.615900000000000114e-01
2.300000000000000000e+01 5.223454109000000244e+03 6.288099999999999801e-01
2.400000000000000000e+01 4.232698011999999835e+03 6.026599999999999735e-01
2.500000000000000000e+01 3.479066045999999915e+03 5.817700000000000093e-01
2.600000000000000000e+01 2.891447540000000117e+03 5.641699999999999493e-01
2.700000000000000000e+01 2.420670078999999987e+03 5.477999999999999536e-01
2.800000000000000000e+01 2.034147208999999975e+03 5.309199999999999475e-01
2.900000000000000000e+01 1.711143354000000045e+03 5.124199999999999866e-01
3.000000000000000000e+01 1.438839424000000008e+03 4.919700000000000184e-01
3.100000000000000000e+01 1.209271531999999979e+03 4.699599999999999889e-01
3.200000000000000000e+01 1.017115983000000028e+03 4.473699999999999899e-01
3.300000000000000000e+01 8.582230279999999993e+02 4.255099999999999993e-01
3.400000000000000000e+01 7.287619969999999512e+02 4.057600000000000096e-01
3.500000000000000000e+01 6.248267680000000155e+02 3.892900000000000249e-01
3.600000000000000000e+01 5.423563329999999496e+02 3.768400000000000083e-01
3.700000000000000000e+01 4.772436299999999960e+02 3.686300000000000132e-01
3.800000000000000000e+01 4.255308630000000107e+02 3.642900000000000027e-01
3.900000000000000000e+01 3.836167500000000246e+02 3.629299999999999748e-01
4.000000000000000000e+01 3.484270220000000222e+02 3.633000000000000118e-01
4.100000000000000000e+01 3.175221300000000042e+02 3.639299999999999757e-01
4.200000000000000000e+01 2.891341199999999958e+02 3.633799999999999808e-01
4.300000000000000000e+01 2.621377939999999853e+02 3.603899999999999881e-01
4.400000000000000000e+01 2.359695930000000033e+02 3.540800000000000058e-01
4.500000000000000000e+01 2.105118339999999932e+02 3.440199999999999925e-01
4.600000000000000000e+01 1.859606310000000065e+02 3.302800000000000180e-01
4.700000000000000000e+01 1.626941070000000025e+02 3.134100000000000219e-01
4.800000000000000000e+01 1.411541029999999921e+02 2.943700000000000205e-01
4.900000000000000000e+01 1.217504610000000014e+02 2.743599999999999928e-01
5.000000000000000000e+01 1.047926680000000061e+02 2.547200000000000020e-01
5.100000000000000000e+01 9.044979700000000378e+01 2.367499999999999882e-01
5.200000000000000000e+01 7.873654500000000667e+01 2.215600000000000069e-01
5.300000000000000000e+01 6.952099099999999510e+01 2.099800000000000000e-01
5.400000000000000000e+01 6.254839799999999883e+01 2.024600000000000011e-01
5.500000000000000000e+01 5.747499299999999778e+01 1.990899999999999892e-01
5.600000000000000000e+01 5.390599499999999722e+01 1.995300000000000129e-01
5.700000000000000000e+01 5.143296399999999835e+01 2.031600000000000072e-01
5.800000000000000000e+01 4.966668899999999809e+01 2.090700000000000058e-01
5.900000000000000000e+01 4.826313799999999787e+01 2.162300000000000055e-01
6.000000000000000000e+01 4.694118300000000232e+01 2.235499999999999987e-01
6.100000000000000000e+01 4.549194800000000072e+01 2.300099999999999922e-01
6.200000000000000000e+01 4.378046499999999952e+01 2.347400000000000042e-01
6.300000000000000000e+01 4.174093799999999987e+01 2.370500000000000107e-01
6.400000000000000000e+01 3.936725100000000310e+01 2.365500000000000103e-01
6.500000000000000000e+01 3.670047799999999683e+01 2.330699999999999994e-01
6.600000000000000000e+01 3.381505299999999892e+01 2.267200000000000049e-01
6.700000000000000000e+01 3.080504200000000026e+01 2.178299999999999959e-01
6.800000000000000000e+01 2.777164900000000003e+01 2.069100000000000106e-01
6.900000000000000000e+01 2.481273699999999849e+01 1.945900000000000130e-01
7.000000000000000000e+01 2.201479700000000150e+01 1.815599999999999992e-01
7.100000000000000000e+01 1.944751099999999866e+01 1.685099999999999931e-01
7.200000000000000000e+01 1.716078100000000006e+01 1.560799999999999965e-01
7.300000000000000000e+01 1.518393599999999921e+01 1.448399999999999965e-01
7.400000000000000000e+01 1.352669000000000032e+01 1.351999999999999869e-01
7.500000000000000000e+01 1.218141699999999972e+01 1.274800000000000100e-01
7.600000000000000000e+01 1.112625399999999942e+01 1.218000000000000055e-01
7.700000000000000000e+01 1.032863599999999948e+01 1.181900000000000034e-01
7.800000000000000000e+01 9.748898999999999759e+00 1.165199999999999986e-01
7.900000000000000000e+01 9.343686999999999188e+00 1.165500000000000008e-01
8.000000000000000000e+01 9.068970000000000198e+00 1.179700000000000054e-01
8.100000000000000000e+01 8.882562000000000069e+00 1.204100000000000031e-01
8.200000000000000000e+01 8.746073000000000874e+00 1.234600000000000003e-01
8.300000000000000000e+01 8.626326000000000604e+00 1.267099999999999893e-01
8.400000000000000000e+01 8.496233000000000146e+00 1.297800000000000065e-01
8.500000000000000000e+01 8.335221999999999909e+00 1.323100000000000109e-01
8.600000000000000000e+01 8.129258999999999347e+00 1.340099999999999902e-01
8.700000000000000000e+01 7.870551999999999992e+00 1.346499999999999919e-01
8.800000000000000000e+01 7.556989999999999874e+00 1.340800000000000047e-01
8.900000000000000000e+01 7.191398999999999653e+00 1.322500000000000064e-01
9.000000000000000000e+01 6.780658999999999992e+00 1.291700000000000070e-01
9.100000000000000000e+01 6.334747000000000128e+00 1.249200000000000033e-01
9.200000000000000000e+01 5.865745999999999682e+00 1.196699999999999986e-01
9.300000000000000000e+01 5.386866000000000376e+00 1.136400000000000049e-01
9.400000000000000000e+01 4.911527000000000420e+00 1.070699999999999985e-01
9.500000000000000000e+01 4.452517000000000280e+00 1.002500000000000058e-01
9.600000000000000000e+01 4.021289000000000335e+00 9.345499999999999641e-02
9.700000000000000000e+01 3.627383000000000024e+00 8.696800000000000364e-02
9.800000000000000000e+01 3.278024999999999967e+00 8.103499999999999592e-02
9.900000000000000000e+01 2.977885000000000115e+00 7.586400000000000088e-02
1.000000000000000000e+02 2.729013000000000133e+00 7.160800000000000498e-02
1.010000000000000000e+02 2.530918999999999919e+00 6.836699999999999722e-02
1.020000000000000000e+02 2.380815000000000126e+00 6.617299999999999571e-02
1.030000000000000000e+02 2.273950999999999834e+00 6.499800000000000022e-02
1.040000000000000000e+02 2.204050000000000065e+00 6.475799999999999612e-02
1.050000000000000000e+02 2.163787999999999823e+00 6.531700000000000006e-02
1.060000000000000000e+02 2.145294999999999952e+00 6.650000000000000355e-02
1.070000000000000000e+02 2.140636999999999901e+00 6.810800000000000187e-02
1.080000000000000000e+02 2.142262000000000111e+00 6.992700000000000304e-02
1.090000000000000000e+02 2.143374000000000112e+00 7.174400000000000222e-02
1.100000000000000000e+02 2.138228999999999935e+00 7.335899999999999366e-02
1.110000000000000000e+02 2.122339999999999893e+00 7.459899999999999864e-02
1.120000000000000000e+02 2.092588999999999810e+00 7.532200000000000006e-02
1.130000000000000000e+02 2.047251000000000154e+00 7.542899999999999605e-02
1.140000000000000000e+02 1.985929000000000055e+00 7.486399999999999999e-02
1.150000000000000000e+02 1.909427999999999903e+00 7.361399999999999888e-02
1.160000000000000000e+02 1.819574999999999942e+00 7.171299999999999897e-02
1.170000000000000000e+02 1.718998000000000026e+00 6.922799999999999787e-02
1.180000000000000000e+02 1.610881000000000007e+00 6.626300000000000245e-02
1.190000000000000000e+02 1.498723000000000027e+00 6.294299999999999895e-02
1.200000000000000000e+02 1.386095999999999995e+00 5.940999999999999753e-02
1.210000000000000000e+02 1.276429000000000036e+00 5.581200000000000050e-02
1.220000000000000000e+02 1.172820999999999891e+00 5.229400000000000021e-02
1.230000000000000000e+02 1.077890000000000015e+00 4.898999999999999883e-02
1.240000000000000000e+02 9.936669999999999670e-01 4.601800000000000335e-02
1.250000000000000000e+02 9.215290000000000425e-01 4.346799999999999969e-02
1.260000000000000000e+02 8.621799999999999464e-01 4.140599999999999836e-02
1.270000000000000000e+02 8.156679999999999486e-01 3.986800000000000066e-02
1.280000000000000000e+02 7.814410000000000522e-01 3.885799999999999671e-02
1.290000000000000000e+02 7.584290000000000198e-01 3.835399999999999920e-02
1.300000000000000000e+02 7.451489999999999503e-01 3.830800000000000177e-02
1.310000000000000000e+02 7.398200000000000331e-01 3.865099999999999786e-02
1.320000000000000000e+02 7.404889999999999528e-01 3.929900000000000060e-02
1.330000000000000000e+02 7.451470000000000038e-01 4.015799999999999925e-02
1.340000000000000000e+02 7.518430000000000391e-01 4.113200000000000189e-02
1.350000000000000000e+02 7.587770000000000348e-01 4.212300000000000072e-02
1.360000000000000000e+02 7.643760000000000554e-01 4.304399999999999893e-02
1.370000000000000000e+02 7.673499999999999766e-01 4.381800000000000278e-02
1.380000000000000000e+02 7.667249999999999899e-01 4.438000000000000278e-02
1.390000000000000000e+02 7.618570000000000064e-01 4.468599999999999656e-02
1.400000000000000000e+02 7.524210000000000065e-01 4.470400000000000068e-02
1.410000000000000000e+02 7.383939999999999948e-01 4.442399999999999821e-02
1.420000000000000000e+02 7.200159999999999894e-01 4.385000000000000009e-02
1.430000000000000000e+02 6.977470000000000061e-01 4.299999999999999656e-02
1.440000000000000000e+02 6.722179999999999822e-01 4.190599999999999881e-02
1.450000000000000000e+02 6.441829999999999501e-01 4.061000000000000026e-02
1.460000000000000000e+02 6.144619999999999527e-01 3.915799999999999836e-02
1.470000000000000000e+02 5.839039999999999786e-01 3.760399999999999854e-02
1.480000000000000000e+02 5.533400000000000540e-01 3.599999999999999728e-02
1.490000000000000000e+02 5.235480000000000134e-01 3.439899999999999902e-02
1.500000000000000000e+02 4.952320000000000055e-01 3.284900000000000320e-02
1.510000000000000000e+02 4.689949999999999952e-01 3.139600000000000030e-02
1.520000000000000000e+02 4.453300000000000036e-01 3.007699999999999957e-02
1.530000000000000000e+02 4.246130000000000182e-01 2.892399999999999832e-02
1.540000000000000000e+02 4.071049999999999947e-01 2.795999999999999874e-02
1.550000000000000000e+02 3.929480000000000195e-01 2.720200000000000048e-02
1.560000000000000000e+02 3.821809999999999929e-01 2.665800000000000114e-02
1.570000000000000000e+02 3.747440000000000215e-01 2.632999999999999924e-02
1.580000000000000000e+02 3.704910000000000148e-01 2.621199999999999919e-02
1.590000000000000000e+02 3.691989999999999994e-01 2.629499999999999893e-02
1.600000000000000000e+02 3.705860000000000265e-01 2.656100000000000128e-02
1.610000000000000000e+02 3.743159999999999821e-01 2.698899999999999910e-02
1.620000000000000000e+02 3.800200000000000244e-01 2.755700000000000163e-02
1.630000000000000000e+02 3.872990000000000044e-01 2.823600000000000068e-02
1.640000000000000000e+02 3.957470000000000154e-01 2.899799999999999947e-02
1.650000000000000000e+02 4.049579999999999846e-01 2.981400000000000022e-02
1.660000000000000000e+02 4.145420000000000216e-01 3.065599999999999922e-02
1.670000000000000000e+02 4.241369999999999862e-01 3.149500000000000216e-02
1.680000000000000000e+02 4.334239999999999760e-01 3.230800000000000338e-02
1.690000000000000000e+02 4.421350000000000002e-01 3.307399999999999923e-02
1.700000000000000000e+02 4.500620000000000176e-01 3.377499999999999947e-02
1.710000000000000000e+02 4.570640000000000258e-01 3.440000000000000002e-02
1.720000000000000000e+02 4.630619999999999736e-01 3.494200000000000084e-02
1.730000000000000000e+02 4.680420000000000136e-01 3.539799999999999891e-02
1.740000000000000000e+02 4.720420000000000171e-01 3.577199999999999824e-02
1.750000000000000000e+02 4.751409999999999800e-01 3.606700000000000184e-02
1.760000000000000000e+02 4.774479999999999835e-01 3.629199999999999787e-02
1.770000000000000000e+02 4.790809999999999791e-01 3.645500000000000129e-02
1.780000000000000000e+02 4.801520000000000232e-01 3.656399999999999928e-02
1.790000000000000000e+02 4.807540000000000147e-01 3.662699999999999984e-02
1.799900000000000091e+02 4.809479999999999866e-01 3.664699999999999902e-02


# DWBA 
#  theta                   mb/sr   
0.000000000000000000e+00 4.566000000000000059e-01
1.000000000000000000e+00 4.565000000000000169e-01
2.000000000000000000e+00 4.562999999999999834e-01
3.000000000000000000e+00 4.566999999999999948e-01
4.000000000000000000e+00 4.585000000000000187e-01
5.000000000000000000e+00 4.623999999999999777e-01
6.000000000000000000e+00 4.692000000000000060e-01
7.000000000000000000e+00 4.791000000000000258e-01
8.000000000000000000e+00 4.917000000000000259e-01
9.000000000000000000e+00 5.060999999999999943e-01
1.000000000000000000e+01 5.207000000000000517e-01
1.100000000000000000e+01 5.335999999999999632e-01
1.200000000000000000e+01 5.427999999999999492e-01
1.300000000000000000e+01 5.461000000000000298e-01
1.400000000000000000e+01 5.420000000000000373e-01
1.500000000000000000e+01 5.292999999999999927e-01
1.600000000000000000e+01 5.079000000000000181e-01
1.700000000000000000e+01 4.781000000000000250e-01
1.800000000000000000e+01 4.413000000000000256e-01
1.900000000000000000e+01 3.993999999999999773e-01
2.000000000000000000e+01 3.548000000000000043e-01
2.100000000000000000e+01 3.103000000000000203e-01
2.200000000000000000e+01 2.684000000000000274e-01
2.300000000000000000e+01 2.313999999999999946e-01
2.400000000000000000e+01 2.011999999999999900e-01
2.500000000000000000e+01 1.789999999999999925e-01
2.600000000000000000e+01 1.653999999999999915e-01
2.700000000000000000e+01 1.602000000000000091e-01
2.800000000000000000e+01 1.623999999999999888e-01
2.900000000000000000e+01 1.706999999999999906e-01
3.000000000000000000e+01 1.832999999999999907e-01
3.100000000000000000e+01 1.980000000000000093e-01
3.200000000000000000e+01 2.129999999999999949e-01
3.300000000000000000e+01 2.263000000000000012e-01
3.400000000000000000e+01 2.363000000000000100e-01
3.500000000000000000e+01 2.419000000000000039e-01
3.600000000000000000e+01 2.424000000000000044e-01
3.700000000000000000e+01 2.376000000000000056e-01
3.800000000000000000e+01 2.278999999999999915e-01
3.900000000000000000e+01 2.139999999999999958e-01
4.000000000000000000e+01 1.970000000000000084e-01
4.100000000000000000e+01 1.779000000000000026e-01
4.200000000000000000e+01 1.582000000000000073e-01
4.300000000000000000e+01 1.388999999999999957e-01
4.400000000000000000e+01 1.212000000000000022e-01
4.500000000000000000e+01 1.058999999999999941e-01
4.600000000000000000e+01 9.342000000000000304e-02
4.700000000000000000e+01 8.415000000000000258e-02
4.800000000000000000e+01 7.803000000000000214e-02
4.900000000000000000e+01 7.482999999999999374e-02
5.000000000000000000e+01 7.409999999999999920e-02
5.100000000000000000e+01 7.528999999999999582e-02
5.200000000000000000e+01 7.778999999999999804e-02
5.300000000000000000e+01 8.096000000000000418e-02
5.400000000000000000e+01 8.423999999999999544e-02
5.500000000000000000e+01 8.709999999999999687e-02
5.600000000000000000e+01 8.916999999999999926e-02
5.700000000000000000e+01 9.014999999999999403e-02
5.800000000000000000e+01 8.988999999999999768e-02
5.900000000000000000e+01 8.834999999999999798e-02
6.000000000000000000e+01 8.558999999999999941e-02
6.100000000000000000e+01 8.175000000000000322e-02
6.200000000000000000e+01 7.702000000000000512e-02
6.300000000000000000e+01 7.163999999999999535e-02
6.400000000000000000e+01 6.586000000000000187e-02
6.500000000000000000e+01 5.994000000000000022e-02
6.600000000000000000e+01 5.408999999999999919e-02
6.700000000000000000e+01 4.852999999999999675e-02
6.800000000000000000e+01 4.340999999999999720e-02
6.900000000000000000e+01 3.887000000000000177e-02
7.000000000000000000e+01 3.497000000000000108e-02
7.100000000000000000e+01 3.175999999999999657e-02
7.200000000000000000e+01 2.923999999999999863e-02
7.300000000000000000e+01 2.736999999999999850e-02
7.400000000000000000e+01 2.608999999999999861e-02
7.500000000000000000e+01 2.531999999999999876e-02
7.600000000000000000e+01 2.495999999999999955e-02
7.700000000000000000e+01 2.492000000000000118e-02
7.800000000000000000e+01 2.508000000000000160e-02
7.900000000000000000e+01 2.536000000000000060e-02
8.000000000000000000e+01 2.565999999999999878e-02
8.100000000000000000e+01 2.589999999999999941e-02
8.200000000000000000e+01 2.600999999999999840e-02
8.300000000000000000e+01 2.595000000000000084e-02
8.400000000000000000e+01 2.569000000000000103e-02
8.500000000000000000e+01 2.520999999999999977e-02
8.600000000000000000e+01 2.450000000000000094e-02
8.700000000000000000e+01 2.359999999999999945e-02
8.800000000000000000e+01 2.250999999999999876e-02
8.900000000000000000e+01 2.128000000000000030e-02
9.000000000000000000e+01 1.994999999999999898e-02
9.100000000000000000e+01 1.856000000000000011e-02
9.200000000000000000e+01 1.714999999999999858e-02
9.300000000000000000e+01 1.575999999999999970e-02
9.400000000000000000e+01 1.443000000000000012e-02
9.500000000000000000e+01 1.318000000000000074e-02
9.600000000000000000e+01 1.204999999999999995e-02
9.700000000000000000e+01 1.103999999999999947e-02
9.800000000000000000e+01 1.017000000000000022e-02
9.900000000000000000e+01 9.445999999999999536e-03
1.000000000000000000e+02 8.857999999999999555e-03
1.010000000000000000e+02 8.406999999999999543e-03
1.020000000000000000e+02 8.085000000000000173e-03
1.030000000000000000e+02 7.881000000000000852e-03
1.040000000000000000e+02 7.780999999999999722e-03
1.050000000000000000e+02 7.769999999999999997e-03
1.060000000000000000e+02 7.827000000000000624e-03
1.070000000000000000e+02 7.931999999999999815e-03
1.080000000000000000e+02 8.061000000000000457e-03
1.090000000000000000e+02 8.191999999999999629e-03
1.100000000000000000e+02 8.300999999999999351e-03
1.110000000000000000e+02 8.368000000000000438e-03
1.120000000000000000e+02 8.375999999999999765e-03
1.130000000000000000e+02 8.314000000000000209e-03
1.140000000000000000e+02 8.175999999999999240e-03
1.150000000000000000e+02 7.962000000000000327e-03
1.160000000000000000e+02 7.677999999999999929e-03
1.170000000000000000e+02 7.335999999999999639e-03
1.180000000000000000e+02 6.949000000000000316e-03
1.190000000000000000e+02 6.533999999999999878e-03
1.200000000000000000e+02 6.106000000000000316e-03
1.210000000000000000e+02 5.681000000000000286e-03
1.220000000000000000e+02 5.270000000000000379e-03
1.230000000000000000e+02 4.883000000000000188e-03
1.240000000000000000e+02 4.525000000000000376e-03
1.250000000000000000e+02 4.199999999999999740e-03
1.260000000000000000e+02 3.911000000000000414e-03
1.270000000000000000e+02 3.657000000000000094e-03
1.280000000000000000e+02 3.439000000000000216e-03
1.290000000000000000e+02 3.258000000000000045e-03
1.300000000000000000e+02 3.115000000000000147e-03
1.310000000000000000e+02 3.010000000000000089e-03
1.320000000000000000e+02 2.944000000000000002e-03
1.330000000000000000e+02 2.915000000000000056e-03
1.340000000000000000e+02 2.922000000000000118e-03
1.350000000000000000e+02 2.961000000000000090e-03
1.360000000000000000e+02 3.024999999999999911e-03
1.370000000000000000e+02 3.106999999999999953e-03
1.380000000000000000e+02 3.197999999999999888e-03
1.390000000000000000e+02 3.291000000000000088e-03
1.400000000000000000e+02 3.377999999999999926e-03
1.410000000000000000e+02 3.451000000000000074e-03
1.420000000000000000e+02 3.506000000000000002e-03
1.430000000000000000e+02 3.542000000000000010e-03
1.440000000000000000e+02 3.556000000000000133e-03
1.450000000000000000e+02 3.549000000000000071e-03
1.460000000000000000e+02 3.524999999999999922e-03
1.470000000000000000e+02 3.484999999999999817e-03
1.480000000000000000e+02 3.431000000000000022e-03
1.490000000000000000e+02 3.367000000000000201e-03
1.500000000000000000e+02 3.294000000000000053e-03
1.510000000000000000e+02 3.213999999999999843e-03
1.520000000000000000e+02 3.128000000000000138e-03
1.530000000000000000e+02 3.039000000000000035e-03
1.540000000000000000e+02 2.948000000000000100e-03
1.550000000000000000e+02 2.857000000000000164e-03
1.560000000000000000e+02 2.771000000000000026e-03
1.570000000000000000e+02 2.690999999999999816e-03
1.580000000000000000e+02 2.622000000000000199e-03
1.590000000000000000e+02 2.563999999999999873e-03
1.600000000000000000e+02 2.520999999999999804e-03
1.610000000000000000e+02 2.492999999999999990e-03
1.620000000000000000e+02 2.481999999999999831e-03
1.630000000000000000e+02 2.484999999999999796e-03
1.640000000000000000e+02 2.504000000000000149e-03
1.650000000000000000e+02 2.536000000000000060e-03
1.660000000000000000e+02 2.580999999999999961e-03
1.670000000000000000e+02 2.638000000000000154e-03
1.680000000000000000e+02 2.706000000000000072e-03
1.690000000000000000e+02 2.785999999999999848e-03
1.700000000000000000e+02 2.876000000000000084e-03
1.710000000000000000e+02 2.975999999999999913e-03
1.720000000000000000e+02 3.085000000000000069e-03
1.730000000000000000e+02 3.199000000000000021e-03
1.740000000000000000e+02 3.314000000000000105e-03
1.750000000000000000e+02 3.426999999999999925e-03
1.760000000000000000e+02 3.530000000000000152e-03
1.770000000000000000e+02 3.618000000000000122e-03
1.780000000000000000e+02 3.684999999999999908e-03
1.790000000000000000e+02 3.727999999999999977e-03
1.800000000000000000e+02 3.742000000000000100e-03
