# Elastic channel 
#  theta                   mb/sr                   ratio 
1.000000000000000021e-02 4.023000000000000000e+17 1.000000000000000000e+00
1.000000000000000000e+00 4.021100000000000000e+09 9.994800000000000351e-01
2.000000000000000000e+00 2.516900000000000000e+08 1.000799999999999912e+00
3.000000000000000000e+00 4.950500000000000000e+07 9.962900000000000089e-01
4.000000000000000000e+00 1.582500000000000000e+07 1.006199999999999983e+00
5.000000000000000000e+00 6.501300000000000000e+06 1.008699999999999930e+00
6.000000000000000000e+00 3.094400000000000000e+06 9.950299999999999701e-01
7.000000000000000000e+00 1.646800000000000000e+06 9.804100000000000037e-01
8.000000000000000000e+00 9.641700000000000000e+05 9.784899999999999709e-01
9.000000000000000000e+00 6.096800000000000000e+05 9.902400000000000091e-01
1.000000000000000000e+01 4.077400000000000000e+05 1.008399999999999963e+00
1.100000000000000000e+01 2.833400000000000000e+05 1.024899999999999922e+00
1.200000000000000000e+01 2.023000000000000000e+05 1.035199999999999898e+00
1.300000000000000000e+01 1.476000000000000000e+05 1.038899999999999935e+00
1.400000000000000000e+01 1.098500000000000000e+05 1.038599999999999968e+00
1.500000000000000000e+01 8.335200000000000000e+04 1.036999999999999922e+00
1.600000000000000000e+01 6.444400000000000000e+04 1.036299999999999999e+00
1.700000000000000000e+01 5.067700000000000000e+04 1.036799999999999944e+00
1.800000000000000000e+01 4.041600000000000000e+04 1.037400000000000100e+00
1.900000000000000000e+01 3.257300000000000000e+04 1.036000000000000032e+00
2.000000000000000000e+01 2.643600000000000000e+04 1.030200000000000005e+00
2.100000000000000000e+01 2.153800000000000000e+04 1.018100000000000005e+00
2.200000000000000000e+01 1.757600000000000000e+04 9.985800000000000232e-01
2.300000000000000000e+01 1.434900000000000000e+04 9.716799999999999882e-01
2.400000000000000000e+01 1.171800000000000000e+04 9.384900000000000464e-01
2.500000000000000000e+01 9.578171580000000176e+03 9.009399999999999631e-01
2.600000000000000000e+01 7.848647211000000425e+03 8.614100000000000090e-01
2.700000000000000000e+01 6.460908618999999817e+03 8.224299999999999944e-01
2.800000000000000000e+01 5.355543459999999868e+03 7.862700000000000244e-01
2.900000000000000000e+01 4.480275045000000318e+03 7.546899999999999720e-01
3.000000000000000000e+01 3.789299959999999828e+03 7.288000000000000034e-01
3.100000000000000000e+01 3.243107590999999957e+03 7.089600000000000346e-01
3.200000000000000000e+01 2.808379136000000017e+03 6.948199999999999932e-01
3.300000000000000000e+01 2.457773268999999800e+03 6.854500000000000037e-01
3.400000000000000000e+01 2.169535933999999997e+03 6.794799999999999729e-01
3.500000000000000000e+01 1.926945527000000084e+03 6.753099999999999659e-01
3.600000000000000000e+01 1.717640306000000010e+03 6.713200000000000278e-01
3.700000000000000000e+01 1.532886195000000043e+03 6.660099999999999909e-01
3.800000000000000000e+01 1.366840290999999979e+03 6.581900000000000528e-01
3.900000000000000000e+01 1.215855268999999907e+03 6.470399999999999485e-01
4.000000000000000000e+01 1.077857031000000006e+03 6.321700000000000097e-01
4.100000000000000000e+01 9.518151639999999816e+02 6.136500000000000288e-01
4.200000000000000000e+01 8.373145610000000261e+02 5.919299999999999562e-01
4.300000000000000000e+01 7.342275919999999587e+02 5.677999999999999714e-01
4.400000000000000000e+01 6.424796850000000177e+02 5.422799999999999843e-01
4.500000000000000000e+01 5.618969029999999520e+02 5.165100000000000247e-01
4.600000000000000000e+01 4.921217899999999759e+02 4.916400000000000214e-01
4.700000000000000000e+01 4.325829539999999724e+02 4.687399999999999900e-01
4.800000000000000000e+01 3.825042950000000133e+02 4.486999999999999877e-01
4.900000000000000000e+01 3.409409759999999778e+02 4.321699999999999986e-01
5.000000000000000000e+01 3.068309580000000096e+02 4.195200000000000040e-01
5.100000000000000000e+01 2.790529050000000097e+02 4.108600000000000030e-01
5.200000000000000000e+01 2.564833189999999945e+02 4.059699999999999975e-01
5.300000000000000000e+01 2.380477229999999906e+02 4.044300000000000117e-01
5.400000000000000000e+01 2.227625209999999925e+02 4.056000000000000161e-01
5.500000000000000000e+01 2.097657250000000033e+02 4.087200000000000277e-01
5.600000000000000000e+01 1.983360289999999964e+02 4.129599999999999937e-01
5.700000000000000000e+01 1.879007379999999898e+02 4.174900000000000277e-01
5.800000000000000000e+01 1.780337839999999971e+02 4.215499999999999803e-01
5.900000000000000000e+01 1.684455839999999966e+02 4.244999999999999885e-01
6.000000000000000000e+01 1.589667259999999942e+02 4.258500000000000063e-01
6.100000000000000000e+01 1.495275839999999903e+02 4.252699999999999814e-01
6.200000000000000000e+01 1.401358510000000024e+02 4.226400000000000157e-01
6.300000000000000000e+01 1.308537839999999903e+02 4.180200000000000027e-01
6.400000000000000000e+01 1.217766969999999986e+02 4.115900000000000114e-01
6.500000000000000000e+01 1.130138620000000031e+02 4.037000000000000033e-01
6.600000000000000000e+01 1.046726409999999987e+02 3.947599999999999998e-01
6.700000000000000000e+01 9.684633300000000133e+01 3.852200000000000069e-01
6.800000000000000000e+01 8.960584900000000630e+01 3.755299999999999749e-01
6.900000000000000000e+01 8.299510200000000282e+01 3.661300000000000110e-01
7.000000000000000000e+01 7.702971300000000099e+01 3.573500000000000010e-01
7.100000000000000000e+01 7.169850999999999885e+01 3.494599999999999929e-01
7.200000000000000000e+01 6.696715399999999363e+01 3.426100000000000256e-01
7.300000000000000000e+01 6.278321700000000050e+01 3.368700000000000028e-01
7.400000000000000000e+01 5.908200899999999933e+01 3.321799999999999753e-01
7.500000000000000000e+01 5.579255599999999760e+01 3.284199999999999897e-01
7.600000000000000000e+01 5.284316400000000158e+01 3.254000000000000226e-01
7.700000000000000000e+01 5.016619000000000028e+01 3.229099999999999748e-01
7.800000000000000000e+01 4.770171599999999756e+01 3.206899999999999751e-01
7.900000000000000000e+01 4.539999999999999858e+01 3.185399999999999898e-01
8.000000000000000000e+01 4.322267000000000081e+01 3.162599999999999856e-01
8.100000000000000000e+01 4.114275700000000313e+01 3.137199999999999989e-01
8.200000000000000000e+01 3.914375700000000080e+01 3.108099999999999752e-01
8.300000000000000000e+01 3.721793499999999710e+01 3.075200000000000156e-01
8.400000000000000000e+01 3.536416400000000237e+01 3.038600000000000190e-01
8.500000000000000000e+01 3.358556600000000003e+01 2.998799999999999799e-01
8.600000000000000000e+01 3.188720299999999952e+01 2.956799999999999984e-01
8.700000000000000000e+01 3.027404599999999846e+01 2.913299999999999779e-01
8.800000000000000000e+01 2.874937800000000010e+01 2.869300000000000184e-01
8.900000000000000000e+01 2.731373500000000121e+01 2.825500000000000234e-01
9.000000000000000000e+01 2.596440799999999882e+01 2.782200000000000228e-01
9.100000000000000000e+01 2.469550100000000015e+01 2.739400000000000168e-01
9.200000000000000000e+01 2.349845600000000090e+01 2.696799999999999753e-01
9.300000000000000000e+01 2.236292800000000014e+01 2.653599999999999848e-01
9.400000000000000000e+01 2.127787500000000165e+01 2.609199999999999853e-01
9.500000000000000000e+01 2.023271700000000095e+01 2.562400000000000233e-01
9.600000000000000000e+01 1.921840699999999913e+01 2.512300000000000089e-01
9.700000000000000000e+01 1.822830899999999943e+01 2.458299999999999930e-01
9.800000000000000000e+01 1.725877900000000054e+01 2.399900000000000089e-01
9.900000000000000000e+01 1.630939599999999956e+01 2.337100000000000011e-01
1.000000000000000000e+02 1.538282899999999920e+01 2.270500000000000018e-01
1.010000000000000000e+02 1.448436200000000085e+01 2.200799999999999979e-01
1.020000000000000000e+02 1.362114399999999925e+01 2.129600000000000104e-01
1.030000000000000000e+02 1.280123200000000061e+01 2.058200000000000029e-01
1.040000000000000000e+02 1.203255500000000033e+01 1.988600000000000090e-01
1.050000000000000000e+02 1.132188200000000045e+01 1.922399999999999942e-01
1.060000000000000000e+02 1.067392300000000027e+01 1.861200000000000077e-01
1.070000000000000000e+02 1.009063800000000022e+01 1.805900000000000005e-01
1.080000000000000000e+02 9.570828999999999809e+00 1.757299999999999973e-01
1.090000000000000000e+02 9.110053999999999874e+00 1.715299999999999880e-01
1.100000000000000000e+02 8.700862000000000762e+00 1.679100000000000037e-01
1.110000000000000000e+02 8.333346000000000586e+00 1.647599999999999898e-01
1.120000000000000000e+02 7.995930999999999678e+00 1.618900000000000061e-01
1.130000000000000000e+02 7.676347999999999949e+00 1.590900000000000092e-01
1.140000000000000000e+02 7.362690999999999875e+00 1.561200000000000088e-01
1.150000000000000000e+02 7.044450999999999574e+00 1.527699999999999891e-01
1.160000000000000000e+02 6.713447000000000386e+00 1.488299999999999901e-01
1.170000000000000000e+02 6.364561000000000135e+00 1.441800000000000026e-01
1.180000000000000000e+02 5.996196000000000303e+00 1.387400000000000022e-01
1.190000000000000000e+02 5.610445999999999600e+00 1.325399999999999912e-01
1.200000000000000000e+02 5.212927999999999784e+00 1.256799999999999862e-01
1.210000000000000000e+02 4.812318000000000318e+00 1.183600000000000069e-01
1.220000000000000000e+02 4.419613000000000014e+00 1.108500000000000041e-01
1.230000000000000000e+02 4.047189999999999621e+00 1.034700000000000064e-01
1.240000000000000000e+02 3.707749999999999879e+00 9.658600000000000518e-02
1.250000000000000000e+02 3.413224000000000036e+00 9.056200000000000361e-02
1.260000000000000000e+02 3.173741000000000145e+00 8.573500000000000565e-02
1.270000000000000000e+02 2.996751999999999860e+00 8.239100000000000590e-02
1.280000000000000000e+02 2.886369999999999880e+00 8.073400000000000021e-02
1.290000000000000000e+02 2.842982999999999816e+00 8.087099999999999844e-02
1.300000000000000000e+02 2.863179000000000141e+00 8.279699999999999560e-02
1.310000000000000000e+02 2.939975000000000005e+00 8.639700000000000157e-02
1.320000000000000000e+02 3.063325999999999993e+00 9.144900000000000251e-02
1.330000000000000000e+02 3.220882000000000023e+00 9.764100000000000557e-02
1.340000000000000000e+02 3.398912999999999851e+00 1.045900000000000024e-01
1.350000000000000000e+02 3.583327999999999847e+00 1.118999999999999995e-01
1.360000000000000000e+02 3.760702999999999907e+00 1.191200000000000037e-01
1.370000000000000000e+02 3.919235000000000024e+00 1.258900000000000019e-01
1.380000000000000000e+02 4.049546999999999564e+00 1.318499999999999950e-01
1.390000000000000000e+02 4.145270000000000010e+00 1.367599999999999927e-01
1.400000000000000000e+02 4.203381000000000256e+00 1.404799999999999938e-01
1.410000000000000000e+02 4.224253000000000036e+00 1.429600000000000037e-01
1.420000000000000000e+02 4.211440999999999768e+00 1.442700000000000093e-01
1.430000000000000000e+02 4.171215000000000117e+00 1.446000000000000063e-01
1.440000000000000000e+02 4.111899000000000193e+00 1.441900000000000126e-01
1.450000000000000000e+02 4.043061999999999934e+00 1.433699999999999974e-01
1.460000000000000000e+02 3.974654999999999827e+00 1.424799999999999955e-01
1.470000000000000000e+02 3.916145999999999905e+00 1.418600000000000139e-01
1.480000000000000000e+02 3.875744000000000078e+00 1.418399999999999939e-01
1.490000000000000000e+02 3.859761999999999915e+00 1.426499999999999990e-01
1.500000000000000000e+02 3.872176000000000062e+00 1.444799999999999973e-01
1.510000000000000000e+02 3.914412000000000003e+00 1.474000000000000032e-01
1.520000000000000000e+02 3.985360000000000014e+00 1.514099999999999890e-01
1.530000000000000000e+02 4.081614000000000075e+00 1.564000000000000112e-01
1.540000000000000000e+02 4.197911999999999644e+00 1.621799999999999908e-01
1.550000000000000000e+02 4.327712000000000003e+00 1.685200000000000031e-01
1.560000000000000000e+02 4.463870000000000005e+00 1.751399999999999901e-01
1.570000000000000000e+02 4.599334999999999951e+00 1.817699999999999871e-01
1.580000000000000000e+02 4.727806000000000175e+00 1.881500000000000117e-01
1.590000000000000000e+02 4.844298000000000215e+00 1.940699999999999925e-01
1.600000000000000000e+02 4.945547999999999611e+00 1.993800000000000017e-01
1.610000000000000000e+02 5.030249999999999666e+00 2.040200000000000069e-01
1.620000000000000000e+02 5.099085999999999785e+00 2.079900000000000082e-01
1.630000000000000000e+02 5.154563999999999702e+00 2.113800000000000123e-01
1.640000000000000000e+02 5.200676999999999772e+00 2.143599999999999950e-01
1.650000000000000000e+02 5.242418999999999940e+00 2.171099999999999974e-01
1.660000000000000000e+02 5.285212999999999717e+00 2.198499999999999899e-01
1.670000000000000000e+02 5.334298999999999680e+00 2.228100000000000080e-01
1.680000000000000000e+02 5.394146000000000107e+00 2.261799999999999922e-01
1.690000000000000000e+02 5.467941999999999858e+00 2.300800000000000067e-01
1.700000000000000000e+02 5.557205999999999868e+00 2.345800000000000107e-01
1.710000000000000000e+02 5.661571999999999605e+00 2.396800000000000042e-01
1.720000000000000000e+02 5.778743999999999659e+00 2.452799999999999980e-01
1.730000000000000000e+02 5.904643000000000086e+00 2.511999999999999789e-01
1.740000000000000000e+02 6.033730000000000260e+00 2.571999999999999842e-01
1.750000000000000000e+02 6.159460000000000157e+00 2.630000000000000115e-01
1.760000000000000000e+02 6.274847000000000286e+00 2.682899999999999729e-01
1.770000000000000000e+02 6.373071999999999626e+00 2.727800000000000225e-01
1.780000000000000000e+02 6.448077999999999754e+00 2.762000000000000011e-01
1.790000000000000000e+02 6.495110999999999635e+00 2.783499999999999863e-01
1.799900000000000091e+02 6.511134000000000199e+00 2.790799999999999947e-01


# DWBA 
#  theta                   mb/sr   
0.000000000000000000e+00 1.335000000000000075e-02
1.000000000000000000e+00 1.341000000000000004e-02
2.000000000000000000e+00 1.359999999999999924e-02
3.000000000000000000e+00 1.392000000000000008e-02
4.000000000000000000e+00 1.437000000000000083e-02
5.000000000000000000e+00 1.494000000000000015e-02
6.000000000000000000e+00 1.563000000000000153e-02
7.000000000000000000e+00 1.643999999999999975e-02
8.000000000000000000e+00 1.735000000000000084e-02
9.000000000000000000e+00 1.837000000000000091e-02
1.000000000000000000e+01 1.949000000000000038e-02
1.100000000000000000e+01 2.069999999999999965e-02
1.200000000000000000e+01 2.197999999999999954e-02
1.300000000000000000e+01 2.334999999999999923e-02
1.400000000000000000e+01 2.477999999999999994e-02
1.500000000000000000e+01 2.629000000000000087e-02
1.600000000000000000e+01 2.786999999999999894e-02
1.700000000000000000e+01 2.954999999999999988e-02
1.800000000000000000e+01 3.132999999999999674e-02
1.900000000000000000e+01 3.323999999999999871e-02
2.000000000000000000e+01 3.531999999999999723e-02
2.100000000000000000e+01 3.760000000000000148e-02
2.200000000000000000e+01 4.016000000000000125e-02
2.300000000000000000e+01 4.304000000000000187e-02
2.400000000000000000e+01 4.630999999999999700e-02
2.500000000000000000e+01 5.006000000000000033e-02
2.600000000000000000e+01 5.433999999999999941e-02
2.700000000000000000e+01 5.924000000000000099e-02
2.800000000000000000e+01 6.483999999999999486e-02
2.900000000000000000e+01 7.117999999999999328e-02
3.000000000000000000e+01 7.832999999999999685e-02
3.100000000000000000e+01 8.630999999999999783e-02
3.200000000000000000e+01 9.514999999999999847e-02
3.300000000000000000e+01 1.048000000000000043e-01
3.400000000000000000e+01 1.152999999999999997e-01
3.500000000000000000e+01 1.265999999999999903e-01
3.600000000000000000e+01 1.385000000000000120e-01
3.700000000000000000e+01 1.509000000000000064e-01
3.800000000000000000e+01 1.638000000000000012e-01
3.900000000000000000e+01 1.769000000000000017e-01
4.000000000000000000e+01 1.900000000000000022e-01
4.100000000000000000e+01 2.030000000000000138e-01
4.200000000000000000e+01 2.154999999999999971e-01
4.300000000000000000e+01 2.275000000000000078e-01
4.400000000000000000e+01 2.386000000000000065e-01
4.500000000000000000e+01 2.485999999999999877e-01
4.600000000000000000e+01 2.574000000000000177e-01
4.700000000000000000e+01 2.647999999999999798e-01
4.800000000000000000e+01 2.706999999999999962e-01
4.900000000000000000e+01 2.747999999999999887e-01
5.000000000000000000e+01 2.772000000000000020e-01
5.100000000000000000e+01 2.778999999999999804e-01
5.200000000000000000e+01 2.767999999999999905e-01
5.300000000000000000e+01 2.740000000000000213e-01
5.400000000000000000e+01 2.696000000000000063e-01
5.500000000000000000e+01 2.637999999999999790e-01
5.600000000000000000e+01 2.566999999999999837e-01
5.700000000000000000e+01 2.485999999999999877e-01
5.800000000000000000e+01 2.396999999999999964e-01
5.900000000000000000e+01 2.303000000000000047e-01
6.000000000000000000e+01 2.205999999999999905e-01
6.100000000000000000e+01 2.107999999999999874e-01
6.200000000000000000e+01 2.013999999999999957e-01
6.300000000000000000e+01 1.923999999999999877e-01
6.400000000000000000e+01 1.841000000000000136e-01
6.500000000000000000e+01 1.766999999999999960e-01
6.600000000000000000e+01 1.703999999999999959e-01
6.700000000000000000e+01 1.653000000000000025e-01
6.800000000000000000e+01 1.612999999999999989e-01
6.900000000000000000e+01 1.585999999999999910e-01
7.000000000000000000e+01 1.572000000000000064e-01
7.100000000000000000e+01 1.570000000000000007e-01
7.200000000000000000e+01 1.577999999999999958e-01
7.300000000000000000e+01 1.595999999999999919e-01
7.400000000000000000e+01 1.622000000000000108e-01
7.500000000000000000e+01 1.655000000000000082e-01
7.600000000000000000e+01 1.691999999999999893e-01
7.700000000000000000e+01 1.731999999999999929e-01
7.800000000000000000e+01 1.771999999999999964e-01
7.900000000000000000e+01 1.811000000000000110e-01
8.000000000000000000e+01 1.845999999999999863e-01
8.100000000000000000e+01 1.877000000000000057e-01
8.200000000000000000e+01 1.900999999999999912e-01
8.300000000000000000e+01 1.918999999999999873e-01
8.400000000000000000e+01 1.927999999999999992e-01
8.500000000000000000e+01 1.927999999999999992e-01
8.600000000000000000e+01 1.920000000000000040e-01
8.700000000000000000e+01 1.902999999999999969e-01
8.800000000000000000e+01 1.877000000000000057e-01
8.900000000000000000e+01 1.842999999999999916e-01
9.000000000000000000e+01 1.802999999999999881e-01
9.100000000000000000e+01 1.756000000000000061e-01
9.200000000000000000e+01 1.703999999999999959e-01
9.300000000000000000e+01 1.648000000000000020e-01
9.400000000000000000e+01 1.590000000000000024e-01
9.500000000000000000e+01 1.529999999999999971e-01
9.600000000000000000e+01 1.471000000000000085e-01
9.700000000000000000e+01 1.411999999999999922e-01
9.800000000000000000e+01 1.355000000000000093e-01
9.900000000000000000e+01 1.300000000000000044e-01
1.000000000000000000e+02 1.250000000000000000e-01
1.010000000000000000e+02 1.203000000000000042e-01
1.020000000000000000e+02 1.160999999999999949e-01
1.030000000000000000e+02 1.122999999999999970e-01
1.040000000000000000e+02 1.091000000000000025e-01
1.050000000000000000e+02 1.063000000000000056e-01
1.060000000000000000e+02 1.039999999999999952e-01
1.070000000000000000e+02 1.019999999999999934e-01
1.080000000000000000e+02 1.005000000000000060e-01
1.090000000000000000e+02 9.937999999999999612e-02
1.100000000000000000e+02 9.853000000000000647e-02
1.110000000000000000e+02 9.793999999999999928e-02
1.120000000000000000e+02 9.755999999999999395e-02
1.130000000000000000e+02 9.732999999999999985e-02
1.140000000000000000e+02 9.722999999999999698e-02
1.150000000000000000e+02 9.718999999999999861e-02
1.160000000000000000e+02 9.719999999999999474e-02
1.170000000000000000e+02 9.719999999999999474e-02
1.180000000000000000e+02 9.718999999999999861e-02
1.190000000000000000e+02 9.711999999999999800e-02
1.200000000000000000e+02 9.699000000000000676e-02
1.210000000000000000e+02 9.678000000000000491e-02
1.220000000000000000e+02 9.647999999999999632e-02
1.230000000000000000e+02 9.608999999999999486e-02
1.240000000000000000e+02 9.558999999999999442e-02
1.250000000000000000e+02 9.499000000000000499e-02
1.260000000000000000e+02 9.428000000000000269e-02
1.270000000000000000e+02 9.346999999999999753e-02
1.280000000000000000e+02 9.256000000000000338e-02
1.290000000000000000e+02 9.156000000000000250e-02
1.300000000000000000e+02 9.045000000000000262e-02
1.310000000000000000e+02 8.924999999999999600e-02
1.320000000000000000e+02 8.797000000000000652e-02
1.330000000000000000e+02 8.659999999999999643e-02
1.340000000000000000e+02 8.515000000000000346e-02
1.350000000000000000e+02 8.361999999999999988e-02
1.360000000000000000e+02 8.201999999999999569e-02
1.370000000000000000e+02 8.035000000000000475e-02
1.380000000000000000e+02 7.863000000000000544e-02
1.390000000000000000e+02 7.685999999999999777e-02
1.400000000000000000e+02 7.503999999999999559e-02
1.410000000000000000e+02 7.319000000000000505e-02
1.420000000000000000e+02 7.130000000000000226e-02
1.430000000000000000e+02 6.940999999999999948e-02
1.440000000000000000e+02 6.750000000000000444e-02
1.450000000000000000e+02 6.558999999999999553e-02
1.460000000000000000e+02 6.368000000000000049e-02
1.470000000000000000e+02 6.180000000000000077e-02
1.480000000000000000e+02 5.992999999999999716e-02
1.490000000000000000e+02 5.809999999999999887e-02
1.500000000000000000e+02 5.630000000000000282e-02
1.510000000000000000e+02 5.453999999999999820e-02
1.520000000000000000e+02 5.283000000000000196e-02
1.530000000000000000e+02 5.117000000000000021e-02
1.540000000000000000e+02 4.955999999999999989e-02
1.550000000000000000e+02 4.800999999999999712e-02
1.560000000000000000e+02 4.651000000000000273e-02
1.570000000000000000e+02 4.506999999999999895e-02
1.580000000000000000e+02 4.368999999999999967e-02
1.590000000000000000e+02 4.236999999999999794e-02
1.600000000000000000e+02 4.111999999999999683e-02
1.610000000000000000e+02 3.991999999999999715e-02
1.620000000000000000e+02 3.878000000000000197e-02
1.630000000000000000e+02 3.769999999999999740e-02
1.640000000000000000e+02 3.669000000000000039e-02
1.650000000000000000e+02 3.572999999999999787e-02
1.660000000000000000e+02 3.484000000000000291e-02
1.670000000000000000e+02 3.400999999999999857e-02
1.680000000000000000e+02 3.325000000000000178e-02
1.690000000000000000e+02 3.253999999999999948e-02
1.700000000000000000e+02 3.189999999999999780e-02
1.710000000000000000e+02 3.132000000000000062e-02
1.720000000000000000e+02 3.081000000000000058e-02
1.730000000000000000e+02 3.034999999999999851e-02
1.740000000000000000e+02 2.996000000000000052e-02
1.750000000000000000e+02 2.963000000000000009e-02
1.760000000000000000e+02 2.936000000000000068e-02
1.770000000000000000e+02 2.914999999999999883e-02
1.780000000000000000e+02 2.900000000000000147e-02
1.790000000000000000e+02 2.891000000000000167e-02
1.800000000000000000e+02 2.887999999999999942e-02
