# Elastic channel 
#  theta                   mb/sr                   ratio 
1.000000000000000021e-02 1.448300000000000000e+17 1.000000000000000000e+00
1.000000000000000000e+00 1.446500000000000000e+09 9.987000000000000322e-01
2.000000000000000000e+00 9.110500000000000000e+07 1.006299999999999972e+00
3.000000000000000000e+00 1.788000000000000000e+07 9.995500000000000496e-01
4.000000000000000000e+00 5.517300000000000000e+06 9.744699999999999473e-01
5.000000000000000000e+00 2.271300000000000000e+06 9.789400000000000324e-01
6.000000000000000000e+00 1.137700000000000000e+06 1.016199999999999992e+00
7.000000000000000000e+00 6.403600000000000000e+05 1.058999999999999941e+00
8.000000000000000000e+00 3.839300000000000000e+05 1.082300000000000040e+00
9.000000000000000000e+00 2.388200000000000000e+05 1.077499999999999902e+00
1.000000000000000000e+01 1.528200000000000000e+05 1.049900000000000055e+00
1.100000000000000000e+01 1.006700000000000000e+05 1.011500000000000066e+00
1.200000000000000000e+01 6.854600000000000000e+04 9.742800000000000349e-01
1.300000000000000000e+01 4.837900000000000000e+04 9.459199999999999831e-01
1.400000000000000000e+01 3.536400000000000000e+04 9.287600000000000300e-01
1.500000000000000000e+01 2.663800000000000000e+04 9.205600000000000449e-01
1.600000000000000000e+01 2.051200000000000000e+04 9.162200000000000344e-01
1.700000000000000000e+01 1.600800000000000000e+04 9.097199999999999731e-01
1.800000000000000000e+01 1.256400000000000000e+04 8.957899999999999752e-01
1.900000000000000000e+01 9.858237444000000323e+03 8.709599999999999564e-01
2.000000000000000000e+01 7.704865670000000136e+03 8.340800000000000436e-01
2.100000000000000000e+01 5.987812874999999622e+03 7.862500000000000044e-01
2.200000000000000000e+01 4.628194561999999678e+03 7.304199999999999582e-01
2.300000000000000000e+01 3.565551847000000180e+03 6.706699999999999884e-01
2.400000000000000000e+01 2.748966460999999981e+03 6.115699999999999470e-01
2.500000000000000000e+01 2.133324423999999908e+03 5.574000000000000066e-01
2.600000000000000000e+01 1.678158500000000004e+03 5.116199999999999637e-01
2.700000000000000000e+01 1.347596810999999889e+03 4.764999999999999791e-01
2.800000000000000000e+01 1.110625129000000015e+03 4.529299999999999993e-01
2.900000000000000000e+01 9.412791379999999890e+02 4.404299999999999882e-01
3.000000000000000000e+01 8.186185339999999542e+02 4.373500000000000165e-01
3.100000000000000000e+01 7.264621660000000247e+02 4.411300000000000221e-01
3.200000000000000000e+01 6.529251769999999624e+02 4.487200000000000077e-01
3.300000000000000000e+01 5.898224639999999681e+02 4.569300000000000028e-01
3.400000000000000000e+01 5.320049139999999852e+02 4.628300000000000192e-01
3.500000000000000000e+01 4.766865080000000034e+02 4.640500000000000180e-01
3.600000000000000000e+01 4.228075460000000021e+02 4.590199999999999836e-01
3.700000000000000000e+01 3.704657220000000279e+02 4.471100000000000074e-01
3.800000000000000000e+01 3.204343109999999797e+02 4.286200000000000010e-01
3.900000000000000000e+01 2.737762060000000019e+02 4.047100000000000142e-01
4.000000000000000000e+01 2.315542450000000088e+02 3.772400000000000198e-01
4.100000000000000000e+01 1.946320880000000102e+02 3.485599999999999810e-01
4.200000000000000000e+01 1.635556770000000029e+02 3.211800000000000210e-01
4.300000000000000000e+01 1.385026919999999961e+02 2.975200000000000067e-01
4.400000000000000000e+01 1.192861699999999985e+02 2.796799999999999842e-01
4.500000000000000000e+01 1.053982479999999953e+02 2.691299999999999804e-01
4.600000000000000000e+01 9.608062099999999361e+01 2.666299999999999781e-01
4.700000000000000000e+01 9.040954499999999427e+01 2.721299999999999830e-01
4.800000000000000000e+01 8.738485199999999509e+01 2.847399999999999931e-01
4.900000000000000000e+01 8.601438100000000020e+01 3.028600000000000181e-01
5.000000000000000000e+01 8.538725399999999865e+01 3.242999999999999772e-01
5.100000000000000000e+01 8.473148299999999722e+01 3.465300000000000047e-01
5.200000000000000000e+01 8.345335099999999784e+01 3.669200000000000239e-01
5.300000000000000000e+01 8.115780700000000536e+01 3.830000000000000071e-01
5.400000000000000000e+01 7.765067200000000014e+01 3.927300000000000235e-01
5.500000000000000000e+01 7.292470000000000141e+01 3.946899999999999853e-01
5.600000000000000000e+01 6.713251599999999542e+01 3.882700000000000040e-01
5.700000000000000000e+01 6.055006199999999694e+01 3.737099999999999866e-01
5.800000000000000000e+01 5.353445200000000170e+01 3.521099999999999786e-01
5.900000000000000000e+01 4.648016400000000203e+01 3.253800000000000026e-01
6.000000000000000000e+01 3.977716399999999908e+01 2.959899999999999753e-01
6.100000000000000000e+01 3.377405799999999658e+01 2.668200000000000016e-01
6.200000000000000000e+01 2.874868299999999977e+01 2.408500000000000085e-01
6.300000000000000000e+01 2.488773399999999825e+01 2.208499999999999908e-01
6.400000000000000000e+01 2.227619299999999924e+01 2.091399999999999926e-01
6.500000000000000000e+01 2.089651200000000131e+01 2.073500000000000065e-01
6.600000000000000000e+01 2.063671400000000133e+01 2.161899999999999933e-01
6.700000000000000000e+01 2.130600400000000150e+01 2.354100000000000081e-01
6.800000000000000000e+01 2.265596700000000041e+01 2.637499999999999845e-01
6.900000000000000000e+01 2.440515600000000163e+01 2.990599999999999925e-01
7.000000000000000000e+01 2.626478499999999983e+01 3.384599999999999831e-01
7.100000000000000000e+01 2.796331899999999848e+01 3.785899999999999821e-01
7.200000000000000000e+01 2.926798199999999994e+01 4.159399999999999764e-01
7.300000000000000000e+01 3.000162800000000018e+01 4.471600000000000019e-01
7.400000000000000000e+01 3.005387299999999939e+01 4.693700000000000094e-01
7.500000000000000000e+01 2.938592099999999974e+01 4.804999999999999827e-01
7.600000000000000000e+01 2.802909400000000062e+01 4.794499999999999873e-01
7.700000000000000000e+01 2.607755200000000073e+01 4.662600000000000078e-01
7.800000000000000000e+01 2.367616900000000157e+01 4.421399999999999775e-01
7.900000000000000000e+01 2.100482900000000086e+01 4.093800000000000217e-01
8.000000000000000000e+01 1.826068899999999928e+01 3.711499999999999799e-01
8.100000000000000000e+01 1.563996500000000012e+01 3.312700000000000089e-01
8.200000000000000000e+01 1.332081499999999963e+01 2.938100000000000156e-01
8.300000000000000000e+01 1.144867699999999999e+01 2.627700000000000036e-01
8.400000000000000000e+01 1.012518299999999982e+01 2.416600000000000137e-01
8.500000000000000000e+01 9.401372999999999536e+00 2.331799999999999984e-01
8.600000000000000000e+01 9.275593000000000643e+00 2.389100000000000112e-01
8.700000000000000000e+01 9.696006000000000569e+00 2.591800000000000215e-01
8.800000000000000000e+01 1.056729999999999947e+01 2.929599999999999982e-01
8.900000000000000000e+01 1.176081800000000044e+01 3.379499999999999726e-01
9.000000000000000000e+01 1.312711000000000006e+01 3.907300000000000217e-01
9.100000000000000000e+01 1.450972200000000001e+01 4.470899999999999874e-01
9.200000000000000000e+01 1.575900500000000015e+01 5.023800000000000487e-01
9.300000000000000000e+01 1.674475699999999989e+01 5.519399999999999862e-01
9.400000000000000000e+01 1.736668799999999990e+01 5.915500000000000203e-01
9.500000000000000000e+01 1.756187200000000104e+01 6.178099999999999703e-01
9.600000000000000000e+01 1.730869500000000016e+01 6.285199999999999676e-01
9.700000000000000000e+01 1.662707299999999933e+01 6.228799999999999892e-01
9.800000000000000000e+01 1.557507700000000028e+01 6.016099999999999781e-01
9.900000000000000000e+01 1.424236499999999950e+01 5.669300000000000450e-01
1.000000000000000000e+02 1.274111599999999989e+01 5.223799999999999555e-01
1.010000000000000000e+02 1.119531800000000032e+01 4.725199999999999956e-01
1.020000000000000000e+02 9.729399000000000797e+00 4.225300000000000167e-01
1.030000000000000000e+02 8.457183999999999813e+00 3.777200000000000002e-01
1.040000000000000000e+02 7.472146999999999650e+00 3.430300000000000016e-01
1.050000000000000000e+02 6.839733999999999980e+00 3.225999999999999979e-01
1.060000000000000000e+02 6.592375999999999792e+00 3.192999999999999727e-01
1.070000000000000000e+02 6.727541000000000437e+00 3.344500000000000250e-01
1.080000000000000000e+02 7.208912999999999904e+00 3.676699999999999968e-01
1.090000000000000000e+02 7.970500999999999614e+00 4.168600000000000083e-01
1.100000000000000000e+02 8.923263000000000389e+00 4.783499999999999974e-01
1.110000000000000000e+02 9.963584000000000884e+00 5.472099999999999742e-01
1.120000000000000000e+02 1.098284999999999911e+01 6.177000000000000268e-01
1.130000000000000000e+02 1.187723899999999944e+01 6.837600000000000344e-01
1.140000000000000000e+02 1.255688299999999913e+01 7.396200000000000552e-01
1.150000000000000000e+02 1.295361399999999996e+01 7.803200000000000136e-01
1.160000000000000000e+02 1.302664200000000072e+01 8.021899999999999586e-01
1.170000000000000000e+02 1.276571500000000015e+01 8.032899999999999485e-01
1.180000000000000000e+02 1.219153000000000020e+01 7.835800000000000542e-01
1.190000000000000000e+02 1.135340000000000060e+01 7.450200000000000156e-01
1.200000000000000000e+02 1.032443499999999936e+01 6.914400000000000546e-01
1.210000000000000000e+02 9.194684999999999775e+00 6.281799999999999606e-01
1.220000000000000000e+02 8.062877999999999545e+00 5.617299999999999516e-01
1.230000000000000000e+02 7.027485999999999677e+00 4.990600000000000036e-01
1.240000000000000000e+02 6.177916999999999881e+00 4.470399999999999929e-01
1.250000000000000000e+02 5.586579999999999657e+00 4.117399999999999949e-01
1.260000000000000000e+02 5.302525000000000155e+00 3.978999999999999759e-01
1.270000000000000000e+02 5.347183000000000241e+00 4.083700000000000108e-01
1.280000000000000000e+02 5.712557999999999581e+00 4.438500000000000223e-01
1.290000000000000000e+02 6.362022999999999762e+00 5.027000000000000357e-01
1.300000000000000000e+02 7.233614000000000210e+00 5.810600000000000209e-01
1.310000000000000000e+02 8.245544999999999902e+00 6.730899999999999661e-01
1.320000000000000000e+02 9.303433999999999315e+00 7.714800000000000546e-01
1.330000000000000000e+02 1.030863500000000066e+01 8.680700000000000083e-01
1.340000000000000000e+02 1.116694000000000031e+01 9.545599999999999641e-01
1.350000000000000000e+02 1.179690800000000017e+01 1.023300000000000098e+00
1.360000000000000000e+02 1.213711699999999993e+01 1.067900000000000071e+00
1.370000000000000000e+02 1.215171899999999994e+01 1.084200000000000053e+00
1.380000000000000000e+02 1.183382699999999943e+01 1.070300000000000029e+00
1.390000000000000000e+02 1.120645599999999931e+01 1.026999999999999913e+00
1.400000000000000000e+02 1.032094000000000023e+01 9.581300000000000372e-01
1.410000000000000000e+02 9.252954000000000789e+00 8.698200000000000376e-01
1.420000000000000000e+02 8.096486999999999767e+00 7.704400000000000137e-01
1.430000000000000000e+02 6.956267999999999674e+00 6.698300000000000365e-01
1.440000000000000000e+02 5.939273000000000025e+00 5.785200000000000342e-01
1.450000000000000000e+02 5.146030999999999800e+00 5.068899999999999517e-01
1.460000000000000000e+02 4.662431999999999910e+00 4.642600000000000060e-01
1.470000000000000000e+02 4.552735000000000198e+00 4.581200000000000272e-01
1.480000000000000000e+02 4.854319000000000273e+00 4.934700000000000197e-01
1.490000000000000000e+02 5.574632000000000254e+00 5.723000000000000309e-01
1.500000000000000000e+02 6.690554999999999808e+00 6.934299999999999908e-01
1.510000000000000000e+02 8.150228000000000250e+00 8.525099999999999900e-01
1.520000000000000000e+02 9.877176000000000400e+00 1.042300000000000004e+00
1.530000000000000000e+02 1.177638499999999944e+01 1.253400000000000070e+00
1.540000000000000000e+02 1.374179900000000032e+01 1.474699999999999900e+00
1.550000000000000000e+02 1.566464000000000034e+01 1.694399999999999906e+00
1.560000000000000000e+02 1.744184500000000071e+01 1.901000000000000023e+00
1.570000000000000000e+02 1.898393000000000086e+01 2.084099999999999842e+00
1.580000000000000000e+02 2.022165899999999894e+01 2.235500000000000043e+00
1.590000000000000000e+02 2.111096500000000020e+01 2.349299999999999944e+00
1.600000000000000000e+02 2.163575799999999916e+01 2.422899999999999832e+00
1.610000000000000000e+02 2.180840500000000048e+01 2.456999999999999851e+00
1.620000000000000000e+02 2.166788000000000025e+01 2.455000000000000071e+00
1.630000000000000000e+02 2.127576399999999879e+01 2.423599999999999977e+00
1.640000000000000000e+02 2.071046499999999924e+01 2.371199999999999974e+00
1.650000000000000000e+02 2.006015899999999874e+01 2.307700000000000085e+00
1.660000000000000000e+02 1.941505799999999837e+01 2.243399999999999839e+00
1.670000000000000000e+02 1.885967600000000033e+01 2.188200000000000145e+00
1.680000000000000000e+02 1.846572899999999962e+01 2.150700000000000056e+00
1.690000000000000000e+02 1.828626799999999974e+01 2.137300000000000200e+00
1.700000000000000000e+02 1.835153100000000137e+01 2.151899999999999924e+00
1.710000000000000000e+02 1.866683000000000092e+01 2.195199999999999818e+00
1.720000000000000000e+02 1.921264100000000141e+01 2.265200000000000102e+00
1.730000000000000000e+02 1.994686099999999840e+01 2.357200000000000184e+00
1.740000000000000000e+02 2.080899600000000049e+01 2.463900000000000201e+00
1.750000000000000000e+02 2.172592900000000071e+01 2.576799999999999979e+00
1.760000000000000000e+02 2.261871599999999916e+01 2.686399999999999899e+00
1.770000000000000000e+02 2.340984200000000115e+01 2.783300000000000107e+00
1.780000000000000000e+02 2.403027399999999858e+01 2.859300000000000175e+00
1.790000000000000000e+02 2.442571399999999926e+01 2.907700000000000173e+00
1.799900000000000091e+02 2.456148500000000112e+01 2.924300000000000122e+00


# DWBA 
#  theta                   mb/sr   
0.000000000000000000e+00 3.982000000000000123e-02
1.000000000000000000e+00 3.994999999999999940e-02
2.000000000000000000e+00 4.032999999999999780e-02
3.000000000000000000e+00 4.096000000000000335e-02
4.000000000000000000e+00 4.182000000000000300e-02
5.000000000000000000e+00 4.290999999999999676e-02
6.000000000000000000e+00 4.419000000000000011e-02
7.000000000000000000e+00 4.565999999999999920e-02
8.000000000000000000e+00 4.726999999999999952e-02
9.000000000000000000e+00 4.900000000000000189e-02
1.000000000000000000e+01 5.081000000000000100e-02
1.100000000000000000e+01 5.265999999999999848e-02
1.200000000000000000e+01 5.451000000000000290e-02
1.300000000000000000e+01 5.632000000000000201e-02
1.400000000000000000e+01 5.804999999999999744e-02
1.500000000000000000e+01 5.965999999999999776e-02
1.600000000000000000e+01 6.112000000000000072e-02
1.700000000000000000e+01 6.239999999999999714e-02
1.800000000000000000e+01 6.346999999999999864e-02
1.900000000000000000e+01 6.432000000000000217e-02
2.000000000000000000e+01 6.494999999999999385e-02
2.100000000000000000e+01 6.536999999999999755e-02
2.200000000000000000e+01 6.558999999999999553e-02
2.300000000000000000e+01 6.564000000000000390e-02
2.400000000000000000e+01 6.555999999999999328e-02
2.500000000000000000e+01 6.539000000000000368e-02
2.600000000000000000e+01 6.518000000000000183e-02
2.700000000000000000e+01 6.497999999999999610e-02
2.800000000000000000e+01 6.485000000000000486e-02
2.900000000000000000e+01 6.483999999999999486e-02
3.000000000000000000e+01 6.500000000000000222e-02
3.100000000000000000e+01 6.536999999999999755e-02
3.200000000000000000e+01 6.597000000000000086e-02
3.300000000000000000e+01 6.683000000000000052e-02
3.400000000000000000e+01 6.794000000000000039e-02
3.500000000000000000e+01 6.930000000000000049e-02
3.600000000000000000e+01 7.087999999999999856e-02
3.700000000000000000e+01 7.263000000000000012e-02
3.800000000000000000e+01 7.449000000000000066e-02
3.900000000000000000e+01 7.642000000000000182e-02
4.000000000000000000e+01 7.832000000000000073e-02
4.100000000000000000e+01 8.011999999999999678e-02
4.200000000000000000e+01 8.173999999999999322e-02
4.300000000000000000e+01 8.311000000000000332e-02
4.400000000000000000e+01 8.414000000000000645e-02
4.500000000000000000e+01 8.476999999999999813e-02
4.600000000000000000e+01 8.497000000000000386e-02
4.700000000000000000e+01 8.468000000000000527e-02
4.800000000000000000e+01 8.389000000000000623e-02
4.900000000000000000e+01 8.261000000000000287e-02
5.000000000000000000e+01 8.085000000000000520e-02
5.100000000000000000e+01 7.864000000000000157e-02
5.200000000000000000e+01 7.605000000000000648e-02
5.300000000000000000e+01 7.313000000000000056e-02
5.400000000000000000e+01 6.995999999999999441e-02
5.500000000000000000e+01 6.662999999999999479e-02
5.600000000000000000e+01 6.322999999999999454e-02
5.700000000000000000e+01 5.985000000000000042e-02
5.800000000000000000e+01 5.657999999999999835e-02
5.900000000000000000e+01 5.349000000000000282e-02
6.000000000000000000e+01 5.065000000000000058e-02
6.100000000000000000e+01 4.812999999999999917e-02
6.200000000000000000e+01 4.596000000000000085e-02
6.300000000000000000e+01 4.417999999999999705e-02
6.400000000000000000e+01 4.279000000000000165e-02
6.500000000000000000e+01 4.179000000000000076e-02
6.600000000000000000e+01 4.116000000000000214e-02
6.700000000000000000e+01 4.087999999999999967e-02
6.800000000000000000e+01 4.089000000000000273e-02
6.900000000000000000e+01 4.114000000000000296e-02
7.000000000000000000e+01 4.157999999999999891e-02
7.100000000000000000e+01 4.214999999999999997e-02
7.200000000000000000e+01 4.279000000000000165e-02
7.300000000000000000e+01 4.343999999999999945e-02
7.400000000000000000e+01 4.404999999999999888e-02
7.500000000000000000e+01 4.456000000000000238e-02
7.600000000000000000e+01 4.494999999999999690e-02
7.700000000000000000e+01 4.517000000000000182e-02
7.800000000000000000e+01 4.521000000000000019e-02
7.900000000000000000e+01 4.504999999999999977e-02
8.000000000000000000e+01 4.469000000000000056e-02
8.100000000000000000e+01 4.413999999999999868e-02
8.200000000000000000e+01 4.340999999999999720e-02
8.300000000000000000e+01 4.250999999999999918e-02
8.400000000000000000e+01 4.145999999999999686e-02
8.500000000000000000e+01 4.028999999999999942e-02
8.600000000000000000e+01 3.901999999999999913e-02
8.700000000000000000e+01 3.767999999999999822e-02
8.800000000000000000e+01 3.629000000000000281e-02
8.900000000000000000e+01 3.488999999999999740e-02
9.000000000000000000e+01 3.348000000000000281e-02
9.100000000000000000e+01 3.209000000000000047e-02
9.200000000000000000e+01 3.073999999999999996e-02
9.300000000000000000e+01 2.944000000000000089e-02
9.400000000000000000e+01 2.818999999999999978e-02
9.500000000000000000e+01 2.700999999999999929e-02
9.600000000000000000e+01 2.590999999999999900e-02
9.700000000000000000e+01 2.488999999999999893e-02
9.800000000000000000e+01 2.394999999999999907e-02
9.900000000000000000e+01 2.308999999999999941e-02
1.000000000000000000e+02 2.230999999999999997e-02
1.010000000000000000e+02 2.162000000000000033e-02
1.020000000000000000e+02 2.101000000000000090e-02
1.030000000000000000e+02 2.046999999999999861e-02
1.040000000000000000e+02 2.001999999999999960e-02
1.050000000000000000e+02 1.963000000000000161e-02
1.060000000000000000e+02 1.931000000000000077e-02
1.070000000000000000e+02 1.906000000000000055e-02
1.080000000000000000e+02 1.885999999999999829e-02
1.090000000000000000e+02 1.871000000000000094e-02
1.100000000000000000e+02 1.859999999999999848e-02
1.110000000000000000e+02 1.851999999999999827e-02
1.120000000000000000e+02 1.846000000000000071e-02
1.130000000000000000e+02 1.841999999999999887e-02
1.140000000000000000e+02 1.838000000000000050e-02
1.150000000000000000e+02 1.832999999999999907e-02
1.160000000000000000e+02 1.827000000000000152e-02
1.170000000000000000e+02 1.819000000000000131e-02
1.180000000000000000e+02 1.807999999999999885e-02
1.190000000000000000e+02 1.794000000000000108e-02
1.200000000000000000e+02 1.776000000000000148e-02
1.210000000000000000e+02 1.754000000000000004e-02
1.220000000000000000e+02 1.728000000000000022e-02
1.230000000000000000e+02 1.697999999999999857e-02
1.240000000000000000e+02 1.665000000000000160e-02
1.250000000000000000e+02 1.628999999999999893e-02
1.260000000000000000e+02 1.589000000000000135e-02
1.270000000000000000e+02 1.548000000000000070e-02
1.280000000000000000e+02 1.503999999999999955e-02
1.290000000000000000e+02 1.459000000000000054e-02
1.300000000000000000e+02 1.413999999999999979e-02
1.310000000000000000e+02 1.367999999999999945e-02
1.320000000000000000e+02 1.322000000000000085e-02
1.330000000000000000e+02 1.276000000000000051e-02
1.340000000000000000e+02 1.230999999999999976e-02
1.350000000000000000e+02 1.187999999999999994e-02
1.360000000000000000e+02 1.145000000000000011e-02
1.370000000000000000e+02 1.103999999999999947e-02
1.380000000000000000e+02 1.064000000000000015e-02
1.390000000000000000e+02 1.026000000000000002e-02
1.400000000000000000e+02 9.886000000000000690e-03
1.410000000000000000e+02 9.534000000000000807e-03
1.420000000000000000e+02 9.197000000000000314e-03
1.430000000000000000e+02 8.878999999999999740e-03
1.440000000000000000e+02 8.580000000000000820e-03
1.450000000000000000e+02 8.302000000000000351e-03
1.460000000000000000e+02 8.047000000000000333e-03
1.470000000000000000e+02 7.815000000000000765e-03
1.480000000000000000e+02 7.609999999999999577e-03
1.490000000000000000e+02 7.433999999999999636e-03
1.500000000000000000e+02 7.287000000000000074e-03
1.510000000000000000e+02 7.171000000000000291e-03
1.520000000000000000e+02 7.087999999999999683e-03
1.530000000000000000e+02 7.037999999999999985e-03
1.540000000000000000e+02 7.020000000000000198e-03
1.550000000000000000e+02 7.033000000000000189e-03
1.560000000000000000e+02 7.078000000000000090e-03
1.570000000000000000e+02 7.150000000000000105e-03
1.580000000000000000e+02 7.249000000000000235e-03
1.590000000000000000e+02 7.369999999999999815e-03
1.600000000000000000e+02 7.510000000000000182e-03
1.610000000000000000e+02 7.666000000000000071e-03
1.620000000000000000e+02 7.834000000000000685e-03
1.630000000000000000e+02 8.009000000000000494e-03
1.640000000000000000e+02 8.189000000000000098e-03
1.650000000000000000e+02 8.368999999999999703e-03
1.660000000000000000e+02 8.547000000000000777e-03
1.670000000000000000e+02 8.718999999999999320e-03
1.680000000000000000e+02 8.883000000000000271e-03
1.690000000000000000e+02 9.036000000000000629e-03
1.700000000000000000e+02 9.178000000000000394e-03
1.710000000000000000e+02 9.306999999999999301e-03
1.720000000000000000e+02 9.423000000000000820e-03
1.730000000000000000e+02 9.525000000000000480e-03
1.740000000000000000e+02 9.612000000000000752e-03
1.750000000000000000e+02 9.684999999999999165e-03
1.760000000000000000e+02 9.743999999999999190e-03
1.770000000000000000e+02 9.790000000000000091e-03
1.780000000000000000e+02 9.823000000000000134e-03
1.790000000000000000e+02 9.842000000000000054e-03
1.800000000000000000e+02 9.848000000000000850e-03
