# Elastic channel 
#  theta                   mb/sr                   ratio 
1.000000000000000021e-02 2.262900000000000000e+17 1.000000000000000000e+00
1.000000000000000000e+00 2.264500000000000000e+09 1.000599999999999934e+00
2.000000000000000000e+00 1.416500000000000000e+08 1.001300000000000079e+00
3.000000000000000000e+00 2.815100000000000000e+07 1.007200000000000095e+00
4.000000000000000000e+00 8.704100000000000000e+06 9.838799999999999768e-01
5.000000000000000000e+00 3.537000000000000000e+06 9.756399999999999517e-01
6.000000000000000000e+00 1.749800000000000000e+06 1.000299999999999967e+00
7.000000000000000000e+00 9.786300000000000000e+05 1.035800000000000054e+00
8.000000000000000000e+00 5.859400000000000000e+05 1.057199999999999918e+00
9.000000000000000000e+00 3.656900000000000000e+05 1.055900000000000061e+00
1.000000000000000000e+01 2.361700000000000000e+05 1.038399999999999990e+00
1.100000000000000000e+01 1.580200000000000000e+05 1.016100000000000003e+00
1.200000000000000000e+01 1.097500000000000000e+05 9.983499999999999597e-01
1.300000000000000000e+01 7.897600000000000000e+04 9.882699999999999818e-01
1.400000000000000000e+01 5.850400000000000000e+04 9.833499999999999464e-01
1.500000000000000000e+01 4.421000000000000000e+04 9.778000000000000025e-01
1.600000000000000000e+01 3.377200000000000000e+04 9.654199999999999449e-01
1.700000000000000000e+01 2.589300000000000000e+04 9.417600000000000415e-01
1.800000000000000000e+01 1.984000000000000000e+04 9.053400000000000336e-01
1.900000000000000000e+01 1.516900000000000000e+04 8.577200000000000379e-01
2.000000000000000000e+01 1.158800000000000000e+04 8.028199999999999781e-01
2.100000000000000000e+01 8.875043647000000419e+03 7.458399999999999475e-01
2.200000000000000000e+01 6.851338770000000295e+03 6.920100000000000140e-01
2.300000000000000000e+01 5.363082787000000280e+03 6.456199999999999717e-01
2.400000000000000000e+01 4.279487648999999692e+03 6.093300000000000383e-01
2.500000000000000000e+01 3.491692854999999781e+03 5.838799999999999546e-01
2.600000000000000000e+01 2.912390206000000035e+03 5.682599999999999874e-01
2.700000000000000000e+01 2.474681391000000076e+03 5.600199999999999623e-01
2.800000000000000000e+01 2.129979796000000078e+03 5.559300000000000352e-01
2.900000000000000000e+01 1.845190147999999908e+03 5.525600000000000511e-01
3.000000000000000000e+01 1.599533615999999938e+03 5.469199999999999617e-01
3.100000000000000000e+01 1.381371386999999913e+03 5.368399999999999839e-01
3.200000000000000000e+01 1.185299958000000061e+03 5.213400000000000256e-01
3.300000000000000000e+01 1.009693775999999957e+03 5.006099999999999994e-01
3.400000000000000000e+01 8.547797719999999799e+02 4.759200000000000097e-01
3.500000000000000000e+01 7.212547670000000153e+02 4.493599999999999817e-01
3.600000000000000000e+01 6.094036879999999883e+02 4.234299999999999731e-01
3.700000000000000000e+01 5.186430110000000013e+02 4.006100000000000216e-01
3.800000000000000000e+01 4.473969910000000141e+02 3.830000000000000071e-01
3.900000000000000000e+01 3.932103569999999877e+02 3.720100000000000073e-01
4.000000000000000000e+01 3.530067900000000236e+02 3.680700000000000083e-01
4.100000000000000000e+01 3.234144170000000145e+02 3.706800000000000095e-01
4.200000000000000000e+01 3.010951370000000225e+02 3.784100000000000241e-01
4.300000000000000000e+01 2.830315600000000131e+02 3.891200000000000214e-01
4.400000000000000000e+01 2.667421269999999822e+02 4.002499999999999947e-01
4.500000000000000000e+01 2.504102430000000084e+02 4.092199999999999727e-01
4.600000000000000000e+01 2.329262290000000064e+02 4.136900000000000022e-01
4.700000000000000000e+01 2.138509750000000054e+02 4.119599999999999929e-01
4.800000000000000000e+01 1.933172490000000039e+02 4.031500000000000083e-01
4.900000000000000000e+01 1.718886479999999892e+02 3.873400000000000176e-01
5.000000000000000000e+01 1.503973980000000097e+02 3.655700000000000061e-01
5.100000000000000000e+01 1.297811379999999986e+02 3.397000000000000020e-01
5.200000000000000000e+01 1.109358189999999951e+02 3.121599999999999930e-01
5.300000000000000000e+01 9.459764800000000662e+01 2.857100000000000195e-01
5.400000000000000000e+01 8.126210199999999872e+01 2.630399999999999960e-01
5.500000000000000000e+01 7.114305400000000645e+01 2.464300000000000102e-01
5.600000000000000000e+01 6.417047900000000027e+01 2.375299999999999911e-01
5.700000000000000000e+01 6.002140200000000192e+01 2.370800000000000129e-01
5.800000000000000000e+01 5.817601499999999959e+01 2.448899999999999966e-01
5.900000000000000000e+01 5.798938100000000162e+01 2.597999999999999754e-01
6.000000000000000000e+01 5.876874600000000015e+01 2.798800000000000177e-01
6.100000000000000000e+01 5.984726500000000016e+01 3.025999999999999801e-01
6.200000000000000000e+01 6.064649699999999655e+01 3.251700000000000146e-01
6.300000000000000000e+01 6.072227500000000333e+01 3.448499999999999899e-01
6.400000000000000000e+01 5.979099699999999729e+01 3.592699999999999783e-01
6.500000000000000000e+01 5.773592800000000125e+01 3.666499999999999759e-01
6.600000000000000000e+01 5.459528999999999854e+01 3.660399999999999765e-01
6.700000000000000000e+01 5.053571199999999664e+01 3.573500000000000010e-01
6.800000000000000000e+01 4.581574299999999766e+01 3.413499999999999868e-01
6.900000000000000000e+01 4.074463300000000032e+01 3.195399999999999907e-01
7.000000000000000000e+01 3.564146600000000120e+01 2.939399999999999791e-01
7.100000000000000000e+01 3.079901999999999873e+01 2.668699999999999961e-01
7.200000000000000000e+01 2.645566300000000126e+01 2.406200000000000006e-01
7.300000000000000000e+01 2.277726099999999931e+01 2.172699999999999909e-01
7.400000000000000000e+01 1.984969399999999951e+01 1.983999999999999930e-01
7.500000000000000000e+01 1.768129100000000165e+01 1.850300000000000000e-01
7.600000000000000000e+01 1.621347899999999953e+01 1.774999999999999911e-01
7.700000000000000000e+01 1.533719800000000077e+01 1.754999999999999893e-01
7.800000000000000000e+01 1.491234900000000074e+01 1.782299999999999995e-01
7.900000000000000000e+01 1.478752800000000001e+01 1.844500000000000028e-01
8.000000000000000000e+01 1.481770900000000069e+01 1.927500000000000047e-01
8.100000000000000000e+01 1.487808099999999989e+01 2.016799999999999982e-01
8.200000000000000000e+01 1.487302200000000063e+01 2.099499999999999977e-01
8.300000000000000000e+01 1.473992699999999978e+01 2.165199999999999902e-01
8.400000000000000000e+01 1.444832000000000072e+01 2.207000000000000073e-01
8.500000000000000000e+01 1.399520500000000034e+01 2.221499999999999864e-01
8.600000000000000000e+01 1.339797199999999933e+01 2.208600000000000008e-01
8.700000000000000000e+01 1.268629600000000046e+01 2.170300000000000007e-01
8.800000000000000000e+01 1.189436700000000080e+01 2.110400000000000054e-01
8.900000000000000000e+01 1.105453600000000058e+01 2.033000000000000085e-01
9.000000000000000000e+01 1.019308099999999939e+01 1.941700000000000093e-01
9.100000000000000000e+01 9.328350000000000364e+00 1.839600000000000124e-01
9.200000000000000000e+01 8.471144000000000673e+00 1.728300000000000114e-01
9.300000000000000000e+01 7.626821999999999768e+00 1.608900000000000052e-01
9.400000000000000000e+01 6.798423999999999801e+00 1.481999999999999984e-01
9.500000000000000000e+01 5.989980000000000082e+00 1.348600000000000076e-01
9.600000000000000000e+01 5.209236999999999895e+00 1.210600000000000009e-01
9.700000000000000000e+01 4.469229999999999592e+00 1.071499999999999952e-01
9.800000000000000000e+01 3.788324999999999942e+00 9.364999999999999714e-02
9.900000000000000000e+01 3.188724000000000114e+00 8.123500000000000165e-02
1.000000000000000000e+02 2.693661000000000083e+00 7.068099999999999383e-02
1.010000000000000000e+02 2.323773999999999784e+00 6.277099999999999347e-02
1.020000000000000000e+02 2.093291999999999931e+00 5.818099999999999661e-02
1.030000000000000000e+02 2.006705999999999879e+00 5.735900000000000026e-02
1.040000000000000000e+02 2.056538000000000199e+00 6.042399999999999854e-02
1.050000000000000000e+02 2.222655000000000047e+00 6.709400000000000086e-02
1.060000000000000000e+02 2.473332999999999782e+00 7.666900000000000104e-02
1.070000000000000000e+02 2.768038000000000221e+00 8.806999999999999551e-02
1.080000000000000000e+02 3.061579000000000050e+00 9.993499999999999606e-02
1.090000000000000000e+02 3.309149000000000118e+00 1.107699999999999935e-01
1.100000000000000000e+02 3.471546000000000021e+00 1.190999999999999975e-01
1.110000000000000000e+02 3.519890999999999881e+00 1.237199999999999966e-01
1.120000000000000000e+02 3.439189999999999969e+00 1.237899999999999973e-01
1.130000000000000000e+02 3.230226000000000042e+00 1.190200000000000008e-01
1.140000000000000000e+02 2.909513000000000016e+00 1.096799999999999997e-01
1.150000000000000000e+02 2.507292000000000076e+00 9.666399999999999992e-02
1.160000000000000000e+02 2.063803000000000054e+00 8.133799999999999364e-02
1.170000000000000000e+02 1.624325000000000019e+00 6.541500000000000092e-02
1.180000000000000000e+02 1.233608000000000038e+00 5.074399999999999744e-02
1.190000000000000000e+02 9.304280000000000328e-01 3.907599999999999962e-02
1.200000000000000000e+02 7.429559999999999498e-01 3.184399999999999731e-02
1.210000000000000000e+02 6.855360000000000342e-01 2.997500000000000164e-02
1.220000000000000000e+02 7.572689999999999699e-01 3.376500000000000334e-02
1.230000000000000000e+02 9.425609999999999822e-01 4.284000000000000308e-02
1.240000000000000000e+02 1.213524999999999965e+00 5.619899999999999896e-02
1.250000000000000000e+02 1.533902000000000099e+00 7.235300000000000065e-02
1.260000000000000000e+02 1.863947000000000020e+00 8.951599999999999835e-02
1.270000000000000000e+02 2.165629000000000026e+00 1.058499999999999996e-01
1.280000000000000000e+02 2.407440999999999942e+00 1.197099999999999970e-01
1.290000000000000000e+02 2.568201999999999874e+00 1.298700000000000132e-01
1.300000000000000000e+02 2.639358000000000093e+00 1.356900000000000051e-01
1.310000000000000000e+02 2.625512000000000068e+00 1.371699999999999864e-01
1.320000000000000000e+02 2.543140999999999874e+00 1.349700000000000066e-01
1.330000000000000000e+02 2.417720000000000091e+00 1.302999999999999992e-01
1.340000000000000000e+02 2.279676999999999953e+00 1.247199999999999975e-01
1.350000000000000000e+02 2.159746000000000166e+00 1.199000000000000066e-01
1.360000000000000000e+02 2.084379999999999900e+00 1.173799999999999982e-01
1.370000000000000000e+02 2.071848000000000134e+00 1.183099999999999985e-01
1.380000000000000000e+02 2.129566000000000070e+00 1.232700000000000046e-01
1.390000000000000000e+02 2.253010000000000179e+00 1.321499999999999897e-01
1.400000000000000000e+02 2.426362999999999825e+00 1.441600000000000104e-01
1.410000000000000000e+02 2.624797000000000047e+00 1.579200000000000048e-01
1.420000000000000000e+02 2.818077999999999861e+00 1.716199999999999948e-01
1.430000000000000000e+02 2.974982999999999933e+00 1.833400000000000030e-01
1.440000000000000000e+02 3.067933000000000021e+00 1.912600000000000133e-01
1.450000000000000000e+02 3.077195999999999820e+00 1.939899999999999958e-01
1.460000000000000000e+02 2.994078000000000017e+00 1.908100000000000074e-01
1.470000000000000000e+02 2.822658999999999807e+00 1.817799999999999971e-01
1.480000000000000000e+02 2.579814999999999969e+00 1.678399999999999892e-01
1.490000000000000000e+02 2.293511000000000077e+00 1.506899999999999906e-01
1.500000000000000000e+02 1.999567000000000094e+00 1.326299999999999979e-01
1.510000000000000000e+02 1.737313000000000107e+00 1.163000000000000006e-01
1.520000000000000000e+02 1.544694999999999929e+00 1.043300000000000061e-01
1.530000000000000000e+02 1.453464000000000089e+00 9.900899999999999979e-02
1.540000000000000000e+02 1.485090000000000021e+00 1.019999999999999934e-01
1.550000000000000000e+02 1.647920000000000051e+00 1.140800000000000008e-01
1.560000000000000000e+02 1.935969000000000051e+00 1.350399999999999934e-01
1.570000000000000000e+02 2.329493999999999954e+00 1.636700000000000099e-01
1.580000000000000000e+02 2.797295999999999783e+00 1.979100000000000026e-01
1.590000000000000000e+02 3.300443000000000016e+00 2.350599999999999912e-01
1.600000000000000000e+02 3.796943999999999875e+00 2.721299999999999830e-01
1.610000000000000000e+02 4.246771999999999991e+00 3.062099999999999822e-01
1.620000000000000000e+02 4.616596000000000366e+00 3.347700000000000120e-01
1.630000000000000000e+02 4.883619000000000376e+00 3.560400000000000231e-01
1.640000000000000000e+02 5.038039000000000378e+00 3.691599999999999882e-01
1.650000000000000000e+02 5.083833000000000268e+00 3.742900000000000116e-01
1.660000000000000000e+02 5.037777000000000172e+00 3.725499999999999923e-01
1.670000000000000000e+02 4.926862999999999992e+00 3.658600000000000185e-01
1.680000000000000000e+02 4.784449999999999648e+00 3.566400000000000126e-01
1.690000000000000000e+02 4.645679999999999588e+00 3.475199999999999956e-01
1.700000000000000000e+02 4.542760999999999605e+00 3.409099999999999908e-01
1.710000000000000000e+02 4.500738000000000127e+00 3.387399999999999856e-01
1.720000000000000000e+02 4.534304999999999808e+00 3.421500000000000097e-01
1.730000000000000000e+02 4.646055999999999742e+00 3.513899999999999801e-01
1.740000000000000000e+02 4.826398000000000188e+00 3.657500000000000195e-01
1.750000000000000000e+02 5.055118000000000222e+00 3.837200000000000055e-01
1.760000000000000000e+02 5.304363000000000383e+00 4.032000000000000028e-01
1.770000000000000000e+02 5.542629999999999946e+00 4.217600000000000238e-01
1.780000000000000000e+02 5.739215999999999873e+00 4.370499999999999940e-01
1.790000000000000000e+02 5.868515999999999622e+00 4.470999999999999974e-01
1.799900000000000091e+02 5.913585000000000313e+00 4.506000000000000005e-01


# DWBA 
#  theta                   mb/sr   
0.000000000000000000e+00 5.852000000000000257e-02
1.000000000000000000e+00 6.149000000000000299e-02
2.000000000000000000e+00 7.034999999999999587e-02
3.000000000000000000e+00 8.494000000000000161e-02
4.000000000000000000e+00 1.049999999999999961e-01
5.000000000000000000e+00 1.300999999999999934e-01
6.000000000000000000e+00 1.598999999999999866e-01
7.000000000000000000e+00 1.937000000000000111e-01
8.000000000000000000e+00 2.310999999999999999e-01
9.000000000000000000e+00 2.712999999999999856e-01
1.000000000000000000e+01 3.140000000000000013e-01
1.100000000000000000e+01 3.584999999999999853e-01
1.200000000000000000e+01 4.047000000000000042e-01
1.300000000000000000e+01 4.524000000000000243e-01
1.400000000000000000e+01 5.018000000000000238e-01
1.500000000000000000e+01 5.532000000000000250e-01
1.600000000000000000e+01 6.070999999999999730e-01
1.700000000000000000e+01 6.643999999999999906e-01
1.800000000000000000e+01 7.258999999999999897e-01
1.900000000000000000e+01 7.923000000000000043e-01
2.000000000000000000e+01 8.641999999999999682e-01
2.100000000000000000e+01 9.419999999999999485e-01
2.200000000000000000e+01 1.024999999999999911e+00
2.300000000000000000e+01 1.114000000000000101e+00
2.400000000000000000e+01 1.205999999999999961e+00
2.500000000000000000e+01 1.298999999999999932e+00
2.600000000000000000e+01 1.391000000000000014e+00
2.700000000000000000e+01 1.479000000000000092e+00
2.800000000000000000e+01 1.558000000000000052e+00
2.900000000000000000e+01 1.625000000000000000e+00
3.000000000000000000e+01 1.677000000000000046e+00
3.100000000000000000e+01 1.709999999999999964e+00
3.200000000000000000e+01 1.721999999999999975e+00
3.300000000000000000e+01 1.711000000000000076e+00
3.400000000000000000e+01 1.677000000000000046e+00
3.500000000000000000e+01 1.620999999999999996e+00
3.600000000000000000e+01 1.546000000000000041e+00
3.700000000000000000e+01 1.453999999999999959e+00
3.800000000000000000e+01 1.350999999999999979e+00
3.900000000000000000e+01 1.241999999999999993e+00
4.000000000000000000e+01 1.131999999999999895e+00
4.100000000000000000e+01 1.026999999999999913e+00
4.200000000000000000e+01 9.325999999999999845e-01
4.300000000000000000e+01 8.527000000000000135e-01
4.400000000000000000e+01 7.905999999999999694e-01
4.500000000000000000e+01 7.481999999999999762e-01
4.600000000000000000e+01 7.256000000000000227e-01
4.700000000000000000e+01 7.217000000000000082e-01
4.800000000000000000e+01 7.336000000000000298e-01
4.900000000000000000e+01 7.577000000000000401e-01
5.000000000000000000e+01 7.892000000000000126e-01
5.100000000000000000e+01 8.232000000000000428e-01
5.200000000000000000e+01 8.547000000000000153e-01
5.300000000000000000e+01 8.790000000000000036e-01
5.400000000000000000e+01 8.925999999999999490e-01
5.500000000000000000e+01 8.930000000000000160e-01
5.600000000000000000e+01 8.788000000000000256e-01
5.700000000000000000e+01 8.504000000000000448e-01
5.800000000000000000e+01 8.092000000000000304e-01
5.900000000000000000e+01 7.579000000000000181e-01
6.000000000000000000e+01 7.000999999999999446e-01
6.100000000000000000e+01 6.398000000000000353e-01
6.200000000000000000e+01 5.814000000000000279e-01
6.300000000000000000e+01 5.285999999999999588e-01
6.400000000000000000e+01 4.849999999999999867e-01
6.500000000000000000e+01 4.529000000000000248e-01
6.600000000000000000e+01 4.335999999999999854e-01
6.700000000000000000e+01 4.274999999999999911e-01
6.800000000000000000e+01 4.334000000000000075e-01
6.900000000000000000e+01 4.495000000000000107e-01
7.000000000000000000e+01 4.727999999999999980e-01
7.100000000000000000e+01 5.001999999999999780e-01
7.200000000000000000e+01 5.279000000000000359e-01
7.300000000000000000e+01 5.527999999999999581e-01
7.400000000000000000e+01 5.715999999999999970e-01
7.500000000000000000e+01 5.820999999999999508e-01
7.600000000000000000e+01 5.826999999999999957e-01
7.700000000000000000e+01 5.728999999999999648e-01
7.800000000000000000e+01 5.528999999999999471e-01
7.900000000000000000e+01 5.238000000000000433e-01
8.000000000000000000e+01 4.874999999999999889e-01
8.100000000000000000e+01 4.460000000000000075e-01
8.200000000000000000e+01 4.020000000000000240e-01
8.300000000000000000e+01 3.578999999999999959e-01
8.400000000000000000e+01 3.160000000000000031e-01
8.500000000000000000e+01 2.781000000000000139e-01
8.600000000000000000e+01 2.457000000000000017e-01
8.700000000000000000e+01 2.195999999999999897e-01
8.800000000000000000e+01 2.000000000000000111e-01
8.900000000000000000e+01 1.867000000000000048e-01
9.000000000000000000e+01 1.791000000000000092e-01
9.100000000000000000e+01 1.761000000000000065e-01
9.200000000000000000e+01 1.766000000000000070e-01
9.300000000000000000e+01 1.794000000000000039e-01
9.400000000000000000e+01 1.834999999999999964e-01
9.500000000000000000e+01 1.879000000000000115e-01
9.600000000000000000e+01 1.918999999999999873e-01
9.700000000000000000e+01 1.950999999999999956e-01
9.800000000000000000e+01 1.971999999999999864e-01
9.900000000000000000e+01 1.980000000000000093e-01
1.000000000000000000e+02 1.976999999999999869e-01
1.010000000000000000e+02 1.963999999999999913e-01
1.020000000000000000e+02 1.940999999999999948e-01
1.030000000000000000e+02 1.910999999999999921e-01
1.040000000000000000e+02 1.870999999999999885e-01
1.050000000000000000e+02 1.822999999999999898e-01
1.060000000000000000e+02 1.764000000000000012e-01
1.070000000000000000e+02 1.693999999999999950e-01
1.080000000000000000e+02 1.610000000000000042e-01
1.090000000000000000e+02 1.512999999999999901e-01
1.100000000000000000e+02 1.401999999999999913e-01
1.110000000000000000e+02 1.280000000000000027e-01
1.120000000000000000e+02 1.149000000000000021e-01
1.130000000000000000e+02 1.014000000000000040e-01
1.140000000000000000e+02 8.805000000000000326e-02
1.150000000000000000e+02 7.552999999999999992e-02
1.160000000000000000e+02 6.443999999999999728e-02
1.170000000000000000e+02 5.535999999999999949e-02
1.180000000000000000e+02 4.875999999999999779e-02
1.190000000000000000e+02 4.490000000000000241e-02
1.200000000000000000e+02 4.386999999999999927e-02
1.210000000000000000e+02 4.551999999999999796e-02
1.220000000000000000e+02 4.950999999999999845e-02
1.230000000000000000e+02 5.530999999999999805e-02
1.240000000000000000e+02 6.224999999999999978e-02
1.250000000000000000e+02 6.961000000000000520e-02
1.260000000000000000e+02 7.668999999999999428e-02
1.270000000000000000e+02 8.283000000000000085e-02
1.280000000000000000e+02 8.752000000000000057e-02
1.290000000000000000e+02 9.044000000000000650e-02
1.300000000000000000e+02 9.143999999999999351e-02
1.310000000000000000e+02 9.057999999999999385e-02
1.320000000000000000e+02 8.809000000000000163e-02
1.330000000000000000e+02 8.433999999999999830e-02
1.340000000000000000e+02 7.978999999999999981e-02
1.350000000000000000e+02 7.492999999999999661e-02
1.360000000000000000e+02 7.019999999999999851e-02
1.370000000000000000e+02 6.597999999999999698e-02
1.380000000000000000e+02 6.254999999999999449e-02
1.390000000000000000e+02 6.001999999999999696e-02
1.400000000000000000e+02 5.838000000000000134e-02
1.410000000000000000e+02 5.752000000000000168e-02
1.420000000000000000e+02 5.720000000000000084e-02
1.430000000000000000e+02 5.718000000000000166e-02
1.440000000000000000e+02 5.716999999999999860e-02
1.450000000000000000e+02 5.695000000000000062e-02
1.460000000000000000e+02 5.636000000000000038e-02
1.470000000000000000e+02 5.532999999999999724e-02
1.480000000000000000e+02 5.390999999999999959e-02
1.490000000000000000e+02 5.222999999999999865e-02
1.500000000000000000e+02 5.052000000000000240e-02
1.510000000000000000e+02 4.902999999999999720e-02
1.520000000000000000e+02 4.803000000000000325e-02
1.530000000000000000e+02 4.775000000000000078e-02
1.540000000000000000e+02 4.837999999999999939e-02
1.550000000000000000e+02 4.995999999999999747e-02
1.560000000000000000e+02 5.247000000000000275e-02
1.570000000000000000e+02 5.575999999999999707e-02
1.580000000000000000e+02 5.958999999999999714e-02
1.590000000000000000e+02 6.361999999999999600e-02
1.600000000000000000e+02 6.751999999999999669e-02
1.610000000000000000e+02 7.091999999999999693e-02
1.620000000000000000e+02 7.351000000000000589e-02
1.630000000000000000e+02 7.505000000000000560e-02
1.640000000000000000e+02 7.539999999999999480e-02
1.650000000000000000e+02 7.452999999999999903e-02
1.660000000000000000e+02 7.252000000000000113e-02
1.670000000000000000e+02 6.952999999999999459e-02
1.680000000000000000e+02 6.580999999999999350e-02
1.690000000000000000e+02 6.165999999999999953e-02
1.700000000000000000e+02 5.736999999999999739e-02
1.710000000000000000e+02 5.322000000000000342e-02
1.720000000000000000e+02 4.943000000000000171e-02
1.730000000000000000e+02 4.617000000000000270e-02
1.740000000000000000e+02 4.351000000000000006e-02
1.750000000000000000e+02 4.146999999999999992e-02
1.760000000000000000e+02 4.000000000000000083e-02
1.770000000000000000e+02 3.901999999999999913e-02
1.780000000000000000e+02 3.840999999999999970e-02
1.790000000000000000e+02 3.810000000000000192e-02
1.800000000000000000e+02 3.799999999999999906e-02
