# Elastic channel 
#  theta                   mb/sr                   ratio 
1.000000000000000021e-02 2.262900000000000000e+17 1.000000000000000000e+00
1.000000000000000000e+00 2.265500000000000000e+09 1.001100000000000101e+00
2.000000000000000000e+00 1.411300000000000000e+08 9.976899999999999658e-01
3.000000000000000000e+00 2.822800000000000000e+07 1.010000000000000009e+00
4.000000000000000000e+00 8.820800000000000000e+06 9.970700000000000118e-01
5.000000000000000000e+00 3.534100000000000000e+06 9.748499999999999943e-01
6.000000000000000000e+00 1.708400000000000000e+06 9.766599999999999726e-01
7.000000000000000000e+00 9.488100000000000000e+05 1.004199999999999982e+00
8.000000000000000000e+00 5.755500000000000000e+05 1.038399999999999990e+00
9.000000000000000000e+00 3.674100000000000000e+05 1.060899999999999954e+00
1.000000000000000000e+01 2.420400000000000000e+05 1.064200000000000035e+00
1.100000000000000000e+01 1.634800000000000000e+05 1.051299999999999901e+00
1.200000000000000000e+01 1.132700000000000000e+05 1.030399999999999983e+00
1.300000000000000000e+01 8.071300000000000000e+04 1.010000000000000009e+00
1.400000000000000000e+01 5.922400000000000000e+04 9.954499999999999460e-01
1.500000000000000000e+01 4.466700000000000000e+04 9.879099999999999548e-01
1.600000000000000000e+01 3.445600000000000000e+04 9.849799999999999667e-01
1.700000000000000000e+01 2.700400000000000000e+04 9.821600000000000330e-01
1.800000000000000000e+01 2.135400000000000000e+04 9.744500000000000384e-01
1.900000000000000000e+01 1.693800000000000000e+04 9.577499999999999902e-01
2.000000000000000000e+01 1.341900000000000000e+04 9.297100000000000364e-01
2.100000000000000000e+01 1.059200000000000000e+04 8.901000000000000023e-01
2.200000000000000000e+01 8.323113151999999900e+03 8.406700000000000284e-01
2.300000000000000000e+01 6.518039340999999695e+03 7.846600000000000241e-01
2.400000000000000000e+01 5.100381664999999884e+03 7.262100000000000222e-01
2.500000000000000000e+01 4.004436329999999998e+03 6.696199999999999930e-01
2.600000000000000000e+01 3.171342702999999801e+03 6.187799999999999967e-01
2.700000000000000000e+01 2.548168979999999920e+03 5.766499999999999959e-01
2.800000000000000000e+01 2.088080684000000019e+03 5.449899999999999745e-01
2.900000000000000000e+01 1.750741426999999931e+03 5.242799999999999683e-01
3.000000000000000000e+01 1.502538974000000053e+03 5.137500000000000400e-01
3.100000000000000000e+01 1.316492398000000094e+03 5.116300000000000292e-01
3.200000000000000000e+01 1.171839950000000044e+03 5.154199999999999893e-01
3.300000000000000000e+01 1.053375939999999900e+03 5.222700000000000120e-01
3.400000000000000000e+01 9.506284829999999602e+02 5.292900000000000382e-01
3.500000000000000000e+01 8.569682299999999486e+02 5.339199999999999502e-01
3.600000000000000000e+01 7.687239859999999680e+02 5.341200000000000392e-01
3.700000000000000000e+01 6.843620929999999589e+02 5.286100000000000243e-01
3.800000000000000000e+01 6.037672780000000330e+02 5.168700000000000516e-01
3.900000000000000000e+01 5.276455620000000408e+02 4.991900000000000226e-01
4.000000000000000000e+01 4.570559329999999818e+02 4.765599999999999836e-01
4.100000000000000000e+01 3.930669340000000034e+02 4.505199999999999760e-01
4.200000000000000000e+01 3.365270209999999906e+02 4.229399999999999826e-01
4.300000000000000000e+01 2.879329369999999813e+02 3.958499999999999797e-01
4.400000000000000000e+01 2.473780429999999910e+02 3.711999999999999744e-01
4.500000000000000000e+01 2.145619770000000130e+02 3.506299999999999972e-01
4.600000000000000000e+01 1.888437450000000126e+02 3.353999999999999759e-01
4.700000000000000000e+01 1.693219679999999983e+02 3.261800000000000255e-01
4.800000000000000000e+01 1.549282469999999989e+02 3.230899999999999883e-01
4.900000000000000000e+01 1.445220970000000023e+02 3.256800000000000250e-01
5.000000000000000000e+01 1.369785660000000007e+02 3.329599999999999782e-01
5.100000000000000000e+01 1.312622029999999995e+02 3.435699999999999865e-01
5.200000000000000000e+01 1.264834519999999998e+02 3.559100000000000041e-01
5.300000000000000000e+01 1.219356879999999990e+02 3.682799999999999963e-01
5.400000000000000000e+01 1.171129370000000023e+02 3.790799999999999725e-01
5.500000000000000000e+01 1.117097890000000007e+02 3.869500000000000162e-01
5.600000000000000000e+01 1.056061150000000026e+02 3.909000000000000252e-01
5.700000000000000000e+01 9.883995299999999418e+01 3.904199999999999893e-01
5.800000000000000000e+01 9.157228000000000634e+01 3.854699999999999793e-01
5.900000000000000000e+01 8.404751799999999662e+01 3.765499999999999958e-01
6.000000000000000000e+01 7.655336900000000355e+01 3.645800000000000152e-01
6.100000000000000000e+01 6.938317800000000091e+01 3.508100000000000107e-01
6.200000000000000000e+01 6.280342799999999670e+01 3.367299999999999738e-01
6.300000000000000000e+01 5.702825299999999942e+01 3.238699999999999912e-01
6.400000000000000000e+01 5.220211400000000168e+01 3.136700000000000044e-01
6.500000000000000000e+01 4.839101200000000347e+01 3.073100000000000276e-01
6.600000000000000000e+01 4.558194400000000002e+01 3.056099999999999928e-01
6.700000000000000000e+01 4.368966799999999751e+01 3.089399999999999924e-01
6.800000000000000000e+01 4.256941299999999728e+01 3.171700000000000075e-01
6.900000000000000000e+01 4.203380099999999686e+01 3.296499999999999986e-01
7.000000000000000000e+01 4.187213400000000263e+01 3.453300000000000258e-01
7.100000000000000000e+01 4.187015300000000195e+01 3.628000000000000114e-01
7.200000000000000000e+01 4.182852799999999860e+01 3.804400000000000004e-01
7.300000000000000000e+01 4.157862000000000080e+01 3.966100000000000181e-01
7.400000000000000000e+01 4.099436000000000035e+01 4.097500000000000031e-01
7.500000000000000000e+01 3.999955899999999787e+01 4.185900000000000176e-01
7.600000000000000000e+01 3.857036000000000087e+01 4.222400000000000042e-01
7.700000000000000000e+01 3.673298100000000233e+01 4.203399999999999914e-01
7.800000000000000000e+01 3.455728200000000072e+01 4.130199999999999982e-01
7.900000000000000000e+01 3.214700100000000305e+01 4.009800000000000031e-01
8.000000000000000000e+01 2.962770400000000137e+01 3.854000000000000203e-01
8.100000000000000000e+01 2.713365399999999994e+01 3.678100000000000258e-01
8.200000000000000000e+01 2.479477699999999984e+01 3.500099999999999878e-01
8.300000000000000000e+01 2.272484299999999990e+01 3.338099999999999956e-01
8.400000000000000000e+01 2.101181400000000110e+01 3.209600000000000231e-01
8.500000000000000000e+01 1.971104199999999906e+01 3.128900000000000015e-01
8.600000000000000000e+01 1.884176199999999923e+01 3.105999999999999872e-01
8.700000000000000000e+01 1.838698099999999869e+01 3.145600000000000063e-01
8.800000000000000000e+01 1.829659200000000041e+01 3.246399999999999841e-01
8.900000000000000000e+01 1.849327500000000057e+01 3.401000000000000134e-01
9.000000000000000000e+01 1.888052199999999914e+01 3.596599999999999797e-01
9.100000000000000000e+01 1.935198700000000116e+01 3.816200000000000148e-01
9.200000000000000000e+01 1.980126999999999882e+01 4.039900000000000158e-01
9.300000000000000000e+01 2.013127899999999926e+01 4.246800000000000019e-01
9.400000000000000000e+01 2.026234900000000039e+01 4.417200000000000015e-01
9.500000000000000000e+01 2.013848199999999977e+01 4.534099999999999797e-01
9.600000000000000000e+01 1.973122400000000098e+01 4.585500000000000131e-01
9.700000000000000000e+01 1.904095799999999983e+01 4.565199999999999814e-01
9.800000000000000000e+01 1.809557799999999972e+01 4.473400000000000154e-01
9.900000000000000000e+01 1.694679100000000105e+01 4.317300000000000026e-01
1.000000000000000000e+02 1.566443399999999997e+01 4.110300000000000065e-01
1.010000000000000000e+02 1.432939900000000044e+01 3.870700000000000252e-01
1.020000000000000000e+02 1.302583199999999941e+01 3.620399999999999729e-01
1.030000000000000000e+02 1.183330800000000060e+01 3.382399999999999851e-01
1.040000000000000000e+02 1.081968799999999931e+01 3.179000000000000159e-01
1.050000000000000000e+02 1.003526300000000049e+01 3.029299999999999771e-01
1.060000000000000000e+02 9.508646999999999849e+00 2.947500000000000120e-01
1.070000000000000000e+02 9.244756000000000640e+00 2.941400000000000126e-01
1.080000000000000000e+02 9.224971999999999284e+00 3.011199999999999988e-01
1.090000000000000000e+02 9.409425999999999846e+00 3.149600000000000177e-01
1.100000000000000000e+02 9.741146000000000527e+00 3.341999999999999971e-01
1.110000000000000000e+02 1.015164700000000053e+01 3.568200000000000260e-01
1.120000000000000000e+02 1.056744600000000034e+01 3.803699999999999859e-01
1.130000000000000000e+02 1.091689200000000071e+01 4.022200000000000220e-01
1.140000000000000000e+02 1.113670800000000050e+01 4.198200000000000265e-01
1.150000000000000000e+02 1.117766199999999976e+01 4.309299999999999797e-01
1.160000000000000000e+02 1.100889300000000048e+01 4.338799999999999879e-01
1.170000000000000000e+02 1.062051899999999982e+01 4.277099999999999791e-01
1.180000000000000000e+02 1.002432600000000029e+01 4.123399999999999843e-01
1.190000000000000000e+02 9.252513000000000432e+00 3.885799999999999810e-01
1.200000000000000000e+02 8.354622000000000881e+00 3.580900000000000194e-01
1.210000000000000000e+02 7.392943999999999960e+00 3.232599999999999918e-01
1.220000000000000000e+02 6.436834000000000167e+00 2.870099999999999874e-01
1.230000000000000000e+02 5.556428999999999618e+00 2.525399999999999867e-01
1.240000000000000000e+02 4.816339000000000148e+00 2.230499999999999983e-01
1.250000000000000000e+02 4.269855999999999874e+00 2.014100000000000057e-01
1.260000000000000000e+02 3.954178000000000193e+00 1.899000000000000132e-01
1.270000000000000000e+02 3.887071999999999861e+00 1.899899999999999922e-01
1.280000000000000000e+02 4.065237999999999907e+00 2.021499999999999964e-01
1.290000000000000000e+02 4.464521999999999657e+00 2.257699999999999985e-01
1.300000000000000000e+02 5.041938000000000031e+00 2.591999999999999860e-01
1.310000000000000000e+02 5.739328000000000429e+00 2.998399999999999954e-01
1.320000000000000000e+02 6.488336000000000325e+00 3.443499999999999894e-01
1.330000000000000000e+02 7.216261000000000259e+00 3.889099999999999779e-01
1.340000000000000000e+02 7.852295999999999943e+00 4.295800000000000174e-01
1.350000000000000000e+02 8.333612999999999715e+00 4.626299999999999857e-01
1.360000000000000000e+02 8.610791000000000750e+00 4.848999999999999977e-01
1.370000000000000000e+02 8.652117999999999753e+00 4.940599999999999992e-01
1.380000000000000000e+02 8.446410999999999447e+00 4.889000000000000012e-01
1.390000000000000000e+02 8.004137000000000057e+00 4.694699999999999984e-01
1.400000000000000000e+02 7.356721000000000288e+00 4.370899999999999785e-01
1.410000000000000000e+02 6.554128000000000398e+00 3.943200000000000038e-01
1.420000000000000000e+02 5.660918999999999812e+00 3.447500000000000009e-01
1.430000000000000000e+02 4.751102000000000380e+00 2.927899999999999947e-01
1.440000000000000000e+02 3.902235000000000120e+00 2.432699999999999863e-01
1.450000000000000000e+02 3.189245999999999803e+00 2.010500000000000065e-01
1.460000000000000000e+02 2.678491000000000177e+00 1.706900000000000084e-01
1.470000000000000000e+02 2.422540999999999833e+00 1.560100000000000098e-01
1.480000000000000000e+02 2.456106000000000122e+00 1.597899999999999876e-01
1.490000000000000000e+02 2.793426000000000187e+00 1.835400000000000087e-01
1.500000000000000000e+02 3.427328999999999848e+00 2.273399999999999865e-01
1.510000000000000000e+02 4.330014000000000252e+00 2.898700000000000165e-01
1.520000000000000000e+02 5.455468999999999902e+00 3.684600000000000097e-01
1.530000000000000000e+02 6.743316000000000088e+00 4.593499999999999805e-01
1.540000000000000000e+02 8.123734999999999928e+00 5.579499999999999460e-01
1.550000000000000000e+02 9.523063999999999751e+00 6.592400000000000482e-01
1.560000000000000000e+02 1.086958899999999950e+01 7.581799999999999651e-01
1.570000000000000000e+02 1.209905799999999942e+01 8.500900000000000123e-01
1.580000000000000000e+02 1.315946100000000030e+01 9.310399999999999787e-01
1.590000000000000000e+02 1.401469200000000015e+01 9.981400000000000272e-01
1.600000000000000000e+02 1.464681900000000070e+01 1.049800000000000066e+00
1.610000000000000000e+02 1.505678699999999992e+01 1.085599999999999898e+00
1.620000000000000000e+02 1.526353100000000040e+01 1.106800000000000006e+00
1.630000000000000000e+02 1.530160399999999932e+01 1.115599999999999925e+00
1.640000000000000000e+02 1.521754499999999943e+01 1.115099999999999980e+00
1.650000000000000000e+02 1.506532100000000085e+01 1.109199999999999964e+00
1.660000000000000000e+02 1.490124699999999969e+01 1.102000000000000091e+00
1.670000000000000000e+02 1.477882999999999925e+01 1.097399999999999931e+00
1.680000000000000000e+02 1.474398300000000006e+01 1.098999999999999977e+00
1.690000000000000000e+02 1.483100899999999989e+01 1.109399999999999942e+00
1.700000000000000000e+02 1.505969999999999942e+01 1.130200000000000093e+00
1.710000000000000000e+02 1.543377899999999947e+01 1.161599999999999966e+00
1.720000000000000000e+02 1.594080899999999978e+01 1.202900000000000080e+00
1.730000000000000000e+02 1.655354600000000076e+01 1.252000000000000002e+00
1.740000000000000000e+02 1.723261700000000118e+01 1.305900000000000061e+00
1.750000000000000000e+02 1.793024700000000138e+01 1.361099999999999977e+00
1.760000000000000000e+02 1.859471999999999881e+01 1.413399999999999990e+00
1.770000000000000000e+02 1.917515500000000017e+01 1.459100000000000064e+00
1.780000000000000000e+02 1.962617600000000095e+01 1.494599999999999929e+00
1.790000000000000000e+02 1.991205199999999920e+01 1.516999999999999904e+00
1.799900000000000091e+02 2.000994899999999888e+01 1.524699999999999944e+00


# DWBA 
#  theta                   mb/sr   
0.000000000000000000e+00 2.295000000000000165e-02
1.000000000000000000e+00 2.307999999999999982e-02
2.000000000000000000e+00 2.343999999999999903e-02
3.000000000000000000e+00 2.403999999999999887e-02
4.000000000000000000e+00 2.486999999999999975e-02
5.000000000000000000e+00 2.589999999999999941e-02
6.000000000000000000e+00 2.713000000000000134e-02
7.000000000000000000e+00 2.852999999999999980e-02
8.000000000000000000e+00 3.007999999999999910e-02
9.000000000000000000e+00 3.175999999999999657e-02
1.000000000000000000e+01 3.352000000000000118e-02
1.100000000000000000e+01 3.534999999999999948e-02
1.200000000000000000e+01 3.722999999999999921e-02
1.300000000000000000e+01 3.910999999999999893e-02
1.400000000000000000e+01 4.098000000000000254e-02
1.500000000000000000e+01 4.284000000000000308e-02
1.600000000000000000e+01 4.465000000000000219e-02
1.700000000000000000e+01 4.642999999999999905e-02
1.800000000000000000e+01 4.816999999999999754e-02
1.900000000000000000e+01 4.989999999999999991e-02
2.000000000000000000e+01 5.163000000000000228e-02
2.100000000000000000e+01 5.340000000000000302e-02
2.200000000000000000e+01 5.525999999999999662e-02
2.300000000000000000e+01 5.723999999999999921e-02
2.400000000000000000e+01 5.940000000000000141e-02
2.500000000000000000e+01 6.180999999999999689e-02
2.600000000000000000e+01 6.450999999999999790e-02
2.700000000000000000e+01 6.754999999999999893e-02
2.800000000000000000e+01 7.098999999999999755e-02
2.900000000000000000e+01 7.484999999999999987e-02
3.000000000000000000e+01 7.917000000000000426e-02
3.100000000000000000e+01 8.393000000000000460e-02
3.200000000000000000e+01 8.913999999999999702e-02
3.300000000000000000e+01 9.475000000000000089e-02
3.400000000000000000e+01 1.006999999999999978e-01
3.500000000000000000e+01 1.069999999999999979e-01
3.600000000000000000e+01 1.134000000000000008e-01
3.700000000000000000e+01 1.199000000000000066e-01
3.800000000000000000e+01 1.264000000000000123e-01
3.900000000000000000e+01 1.327000000000000124e-01
4.000000000000000000e+01 1.386000000000000010e-01
4.100000000000000000e+01 1.441000000000000059e-01
4.200000000000000000e+01 1.489999999999999936e-01
4.300000000000000000e+01 1.531000000000000139e-01
4.400000000000000000e+01 1.564000000000000112e-01
4.500000000000000000e+01 1.587999999999999967e-01
4.600000000000000000e+01 1.602000000000000091e-01
4.700000000000000000e+01 1.605000000000000038e-01
4.800000000000000000e+01 1.597999999999999976e-01
4.900000000000000000e+01 1.580999999999999905e-01
5.000000000000000000e+01 1.554000000000000103e-01
5.100000000000000000e+01 1.517999999999999905e-01
5.200000000000000000e+01 1.474000000000000032e-01
5.300000000000000000e+01 1.423999999999999988e-01
5.400000000000000000e+01 1.368000000000000049e-01
5.500000000000000000e+01 1.308999999999999886e-01
5.600000000000000000e+01 1.247999999999999943e-01
5.700000000000000000e+01 1.185999999999999971e-01
5.800000000000000000e+01 1.126000000000000056e-01
5.900000000000000000e+01 1.068999999999999950e-01
6.000000000000000000e+01 1.015999999999999959e-01
6.100000000000000000e+01 9.682999999999999940e-02
6.200000000000000000e+01 9.266000000000000625e-02
6.300000000000000000e+01 8.916999999999999926e-02
6.400000000000000000e+01 8.640000000000000457e-02
6.500000000000000000e+01 8.434999999999999443e-02
6.600000000000000000e+01 8.301999999999999658e-02
6.700000000000000000e+01 8.235000000000000653e-02
6.800000000000000000e+01 8.229000000000000203e-02
6.900000000000000000e+01 8.275000000000000411e-02
7.000000000000000000e+01 8.365000000000000213e-02
7.100000000000000000e+01 8.488999999999999324e-02
7.200000000000000000e+01 8.634999999999999620e-02
7.300000000000000000e+01 8.792999999999999428e-02
7.400000000000000000e+01 8.952000000000000235e-02
7.500000000000000000e+01 9.102000000000000368e-02
7.600000000000000000e+01 9.235000000000000153e-02
7.700000000000000000e+01 9.342999999999999916e-02
7.800000000000000000e+01 9.421000000000000207e-02
7.900000000000000000e+01 9.461999999999999578e-02
8.000000000000000000e+01 9.464999999999999802e-02
8.100000000000000000e+01 9.427000000000000657e-02
8.200000000000000000e+01 9.347999999999999365e-02
8.300000000000000000e+01 9.229999999999999316e-02
8.400000000000000000e+01 9.074999999999999734e-02
8.500000000000000000e+01 8.885999999999999455e-02
8.600000000000000000e+01 8.666999999999999704e-02
8.700000000000000000e+01 8.422999999999999932e-02
8.800000000000000000e+01 8.157999999999999974e-02
8.900000000000000000e+01 7.878000000000000280e-02
9.000000000000000000e+01 7.588999999999999913e-02
9.100000000000000000e+01 7.292999999999999483e-02
9.200000000000000000e+01 6.998000000000000054e-02
9.300000000000000000e+01 6.704999999999999849e-02
9.400000000000000000e+01 6.421000000000000318e-02
9.500000000000000000e+01 6.146999999999999686e-02
9.600000000000000000e+01 5.886999999999999872e-02
9.700000000000000000e+01 5.643000000000000099e-02
9.800000000000000000e+01 5.417000000000000287e-02
9.900000000000000000e+01 5.210999999999999660e-02
1.000000000000000000e+02 5.023999999999999994e-02
1.010000000000000000e+02 4.857000000000000206e-02
1.020000000000000000e+02 4.710999999999999910e-02
1.030000000000000000e+02 4.585000000000000187e-02
1.040000000000000000e+02 4.479000000000000342e-02
1.050000000000000000e+02 4.390000000000000152e-02
1.060000000000000000e+02 4.318999999999999923e-02
1.070000000000000000e+02 4.261999999999999816e-02
1.080000000000000000e+02 4.220000000000000140e-02
1.090000000000000000e+02 4.188999999999999668e-02
1.100000000000000000e+02 4.168000000000000177e-02
1.110000000000000000e+02 4.154999999999999666e-02
1.120000000000000000e+02 4.148000000000000298e-02
1.130000000000000000e+02 4.143999999999999767e-02
1.140000000000000000e+02 4.141999999999999849e-02
1.150000000000000000e+02 4.139999999999999930e-02
1.160000000000000000e+02 4.136000000000000093e-02
1.170000000000000000e+02 4.127999999999999725e-02
1.180000000000000000e+02 4.116000000000000214e-02
1.190000000000000000e+02 4.098000000000000254e-02
1.200000000000000000e+02 4.073000000000000231e-02
1.210000000000000000e+02 4.041000000000000147e-02
1.220000000000000000e+02 4.002000000000000002e-02
1.230000000000000000e+02 3.955000000000000182e-02
1.240000000000000000e+02 3.899999999999999994e-02
1.250000000000000000e+02 3.837999999999999745e-02
1.260000000000000000e+02 3.769000000000000128e-02
1.270000000000000000e+02 3.694999999999999674e-02
1.280000000000000000e+02 3.613999999999999851e-02
1.290000000000000000e+02 3.529999999999999805e-02
1.300000000000000000e+02 3.441000000000000308e-02
1.310000000000000000e+02 3.348999999999999894e-02
1.320000000000000000e+02 3.255999999999999867e-02
1.330000000000000000e+02 3.160999999999999921e-02
1.340000000000000000e+02 3.065000000000000016e-02
1.350000000000000000e+02 2.969000000000000111e-02
1.360000000000000000e+02 2.874000000000000166e-02
1.370000000000000000e+02 2.779999999999999832e-02
1.380000000000000000e+02 2.688000000000000111e-02
1.390000000000000000e+02 2.597999999999999962e-02
1.400000000000000000e+02 2.510000000000000078e-02
1.410000000000000000e+02 2.424000000000000113e-02
1.420000000000000000e+02 2.341999999999999985e-02
1.430000000000000000e+02 2.263000000000000081e-02
1.440000000000000000e+02 2.188000000000000014e-02
1.450000000000000000e+02 2.116000000000000172e-02
1.460000000000000000e+02 2.049000000000000127e-02
1.470000000000000000e+02 1.985999999999999918e-02
1.480000000000000000e+02 1.926999999999999894e-02
1.490000000000000000e+02 1.873000000000000012e-02
1.500000000000000000e+02 1.823999999999999927e-02
1.510000000000000000e+02 1.780999999999999944e-02
1.520000000000000000e+02 1.742000000000000146e-02
1.530000000000000000e+02 1.708000000000000143e-02
1.540000000000000000e+02 1.679999999999999896e-02
1.550000000000000000e+02 1.657000000000000139e-02
1.560000000000000000e+02 1.637999999999999873e-02
1.570000000000000000e+02 1.624000000000000096e-02
1.580000000000000000e+02 1.615000000000000116e-02
1.590000000000000000e+02 1.609000000000000014e-02
1.600000000000000000e+02 1.608000000000000054e-02
1.610000000000000000e+02 1.609000000000000014e-02
1.620000000000000000e+02 1.614000000000000157e-02
1.630000000000000000e+02 1.619999999999999912e-02
1.640000000000000000e+02 1.628999999999999893e-02
1.650000000000000000e+02 1.640000000000000138e-02
1.660000000000000000e+02 1.651000000000000037e-02
1.670000000000000000e+02 1.663999999999999854e-02
1.680000000000000000e+02 1.676000000000000059e-02
1.690000000000000000e+02 1.688999999999999876e-02
1.700000000000000000e+02 1.702000000000000041e-02
1.710000000000000000e+02 1.713999999999999899e-02
1.720000000000000000e+02 1.725000000000000144e-02
1.730000000000000000e+02 1.735000000000000084e-02
1.740000000000000000e+02 1.745000000000000023e-02
1.750000000000000000e+02 1.753000000000000044e-02
1.760000000000000000e+02 1.759000000000000147e-02
1.770000000000000000e+02 1.764999999999999902e-02
1.780000000000000000e+02 1.768000000000000127e-02
1.790000000000000000e+02 1.771000000000000005e-02
1.800000000000000000e+02 1.771000000000000005e-02
