# Elastic channel 
#  theta                   mb/sr                   ratio 
1.000000000000000021e-02 4.023000000000000000e+17 1.000000000000000000e+00
1.000000000000000000e+00 4.021500000000000000e+09 9.995800000000000241e-01
2.000000000000000000e+00 2.514400000000000000e+08 9.998000000000000220e-01
3.000000000000000000e+00 4.960800000000000000e+07 9.983699999999999797e-01
4.000000000000000000e+00 1.583100000000000000e+07 1.006599999999999939e+00
5.000000000000000000e+00 6.466600000000000000e+06 1.003400000000000070e+00
6.000000000000000000e+00 3.080300000000000000e+06 9.905100000000000016e-01
7.000000000000000000e+00 1.651400000000000000e+06 9.831400000000000139e-01
8.000000000000000000e+00 9.733500000000000000e+05 9.878099999999999659e-01
9.000000000000000000e+00 6.161500000000000000e+05 1.000699999999999923e+00
1.000000000000000000e+01 4.103900000000000000e+05 1.014999999999999902e+00
1.100000000000000000e+01 2.835700000000000000e+05 1.025700000000000056e+00
1.200000000000000000e+01 2.016400000000000000e+05 1.031800000000000050e+00
1.300000000000000000e+01 1.469800000000000000e+05 1.034499999999999975e+00
1.400000000000000000e+01 1.095500000000000000e+05 1.035800000000000054e+00
1.500000000000000000e+01 8.331600000000000000e+04 1.036499999999999977e+00
1.600000000000000000e+01 6.446800000000000000e+04 1.036699999999999955e+00
1.700000000000000000e+01 5.058500000000000000e+04 1.034899999999999931e+00
1.800000000000000000e+01 4.011000000000000000e+04 1.029600000000000071e+00
1.900000000000000000e+01 3.204100000000000000e+04 1.019099999999999895e+00
2.000000000000000000e+01 2.572500000000000000e+04 1.002499999999999947e+00
2.100000000000000000e+01 2.072800000000000000e+04 9.798200000000000243e-01
2.200000000000000000e+01 1.675000000000000000e+04 9.516599999999999504e-01
2.300000000000000000e+01 1.357900000000000000e+04 9.194700000000000095e-01
2.400000000000000000e+01 1.105100000000000000e+04 8.850599999999999579e-01
2.500000000000000000e+01 9.039711375000000771e+03 8.502899999999999903e-01
2.600000000000000000e+01 7.442785367999999835e+03 8.168699999999999850e-01
2.700000000000000000e+01 6.175615633000000344e+03 7.861200000000000410e-01
2.800000000000000000e+01 5.168841374999999971e+03 7.588599999999999790e-01
2.900000000000000000e+01 4.365781928999999764e+03 7.354000000000000536e-01
3.000000000000000000e+01 3.720700507000000016e+03 7.156099999999999683e-01
3.100000000000000000e+01 3.197289694999999938e+03 6.989400000000000057e-01
3.200000000000000000e+01 2.767253215000000182e+03 6.846499999999999808e-01
3.300000000000000000e+01 2.408958502999999837e+03 6.718300000000000383e-01
3.400000000000000000e+01 2.106178013000000192e+03 6.596300000000000496e-01
3.500000000000000000e+01 1.846948480999999902e+03 6.472700000000000120e-01
3.600000000000000000e+01 1.622572664000000032e+03 6.341599999999999460e-01
3.700000000000000000e+01 1.426777045999999928e+03 6.199099999999999611e-01
3.800000000000000000e+01 1.255027109999999993e+03 6.043500000000000538e-01
3.900000000000000000e+01 1.103991729999999961e+03 5.875099999999999767e-01
4.000000000000000000e+01 9.711411090000000286e+02 5.695799999999999752e-01
4.100000000000000000e+01 8.544585749999999962e+02 5.508800000000000363e-01
4.200000000000000000e+01 7.522449840000000449e+02 5.317899999999999849e-01
4.300000000000000000e+01 6.629949639999999818e+02 5.127199999999999536e-01
4.400000000000000000e+01 5.853260330000000522e+02 4.940399999999999792e-01
4.500000000000000000e+01 5.179443029999999908e+02 4.761099999999999777e-01
4.600000000000000000e+01 4.596334610000000112e+02 4.591899999999999871e-01
4.700000000000000000e+01 4.092567649999999730e+02 4.434699999999999753e-01
4.800000000000000000e+01 3.657645969999999807e+02 4.290599999999999969e-01
4.900000000000000000e+01 3.282025590000000079e+02 4.160200000000000009e-01
5.000000000000000000e+01 2.957171299999999974e+02 4.043300000000000227e-01
5.100000000000000000e+01 2.675574530000000095e+02 3.939300000000000024e-01
5.200000000000000000e+01 2.430729729999999904e+02 3.847400000000000264e-01
5.300000000000000000e+01 2.217073800000000006e+02 3.766700000000000048e-01
5.400000000000000000e+01 2.029897609999999872e+02 3.695999999999999841e-01
5.500000000000000000e+01 1.865240410000000111e+02 3.634299999999999753e-01
5.600000000000000000e+01 1.719777630000000102e+02 3.580800000000000094e-01
5.700000000000000000e+01 1.590711479999999938e+02 3.534300000000000219e-01
5.800000000000000000e+01 1.475671350000000075e+02 3.494099999999999984e-01
5.900000000000000000e+01 1.372628809999999930e+02 3.459200000000000053e-01
6.000000000000000000e+01 1.279829550000000040e+02 3.428399999999999781e-01
6.100000000000000000e+01 1.195742570000000029e+02 3.400799999999999934e-01
6.200000000000000000e+01 1.119025060000000025e+02 3.374900000000000122e-01
6.300000000000000000e+01 1.048500599999999991e+02 3.349500000000000255e-01
6.400000000000000000e+01 9.831472899999999981e+01 3.322899999999999743e-01
6.500000000000000000e+01 9.220923500000000672e+01 3.293900000000000161e-01
6.600000000000000000e+01 8.646099599999999441e+01 3.260799999999999810e-01
6.700000000000000000e+01 8.101194099999999310e+01 3.222300000000000164e-01
6.800000000000000000e+01 7.581814500000000123e+01 3.177499999999999769e-01
6.900000000000000000e+01 7.084912300000000585e+01 3.125399999999999845e-01
7.000000000000000000e+01 6.608672500000000127e+01 3.065800000000000192e-01
7.100000000000000000e+01 6.152362000000000108e+01 2.998600000000000154e-01
7.200000000000000000e+01 5.716141300000000314e+01 2.924399999999999777e-01
7.300000000000000000e+01 5.300851000000000113e+01 2.844200000000000061e-01
7.400000000000000000e+01 4.907783200000000079e+01 2.759300000000000086e-01
7.500000000000000000e+01 4.538452000000000197e+01 2.671499999999999986e-01
7.600000000000000000e+01 4.194376100000000207e+01 2.582900000000000196e-01
7.700000000000000000e+01 3.876884700000000095e+01 2.495400000000000118e-01
7.800000000000000000e+01 3.586957000000000306e+01 2.411500000000000032e-01
7.900000000000000000e+01 3.325100499999999926e+01 2.333000000000000074e-01
8.000000000000000000e+01 3.091272400000000076e+01 2.261900000000000022e-01
8.100000000000000000e+01 2.884845400000000026e+01 2.199699999999999989e-01
8.200000000000000000e+01 2.704613499999999959e+01 2.147499999999999964e-01
8.300000000000000000e+01 2.548836000000000013e+01 2.106000000000000094e-01
8.400000000000000000e+01 2.415311000000000163e+01 2.075299999999999923e-01
8.500000000000000000e+01 2.301473199999999864e+01 2.054999999999999882e-01
8.600000000000000000e+01 2.204506200000000149e+01 2.044100000000000084e-01
8.700000000000000000e+01 2.121462400000000059e+01 2.041499999999999981e-01
8.800000000000000000e+01 2.049382699999999957e+01 2.045399999999999996e-01
8.900000000000000000e+01 1.985409699999999944e+01 2.053800000000000070e-01
9.000000000000000000e+01 1.926887899999999831e+01 2.064699999999999869e-01
9.100000000000000000e+01 1.871447900000000075e+01 2.075899999999999967e-01
9.200000000000000000e+01 1.817070999999999970e+01 2.085299999999999931e-01
9.300000000000000000e+01 1.762132499999999879e+01 2.091000000000000081e-01
9.400000000000000000e+01 1.705423899999999904e+01 2.091300000000000103e-01
9.500000000000000000e+01 1.646154800000000051e+01 2.084799999999999986e-01
9.600000000000000000e+01 1.583935999999999922e+01 2.070599999999999941e-01
9.700000000000000000e+01 1.518746200000000002e+01 2.048200000000000021e-01
9.800000000000000000e+01 1.450886000000000031e+01 2.017500000000000127e-01
9.900000000000000000e+01 1.380921799999999955e+01 1.978900000000000103e-01
1.000000000000000000e+02 1.309623900000000063e+01 1.932999999999999996e-01
1.010000000000000000e+02 1.237901500000000077e+01 1.880900000000000072e-01
1.020000000000000000e+02 1.166738100000000067e+01 1.824099999999999888e-01
1.030000000000000000e+02 1.097130899999999976e+01 1.764000000000000012e-01
1.040000000000000000e+02 1.030035200000000017e+01 1.702299999999999924e-01
1.050000000000000000e+02 9.663173999999999708e+00 1.640800000000000036e-01
1.060000000000000000e+02 9.067168999999999812e+00 1.580999999999999905e-01
1.070000000000000000e+02 8.518183000000000504e+00 1.524500000000000022e-01
1.080000000000000000e+02 8.020334999999999326e+00 1.472600000000000020e-01
1.090000000000000000e+02 7.575942000000000398e+00 1.426399999999999890e-01
1.100000000000000000e+02 7.185544000000000153e+00 1.386699999999999877e-01
1.110000000000000000e+02 6.848001000000000005e+00 1.353999999999999926e-01
1.120000000000000000e+02 6.560668999999999862e+00 1.328300000000000036e-01
1.130000000000000000e+02 6.319622999999999990e+00 1.309700000000000031e-01
1.140000000000000000e+02 6.119925000000000281e+00 1.297699999999999965e-01
1.150000000000000000e+02 5.955906999999999840e+00 1.291599999999999970e-01
1.160000000000000000e+02 5.821460000000000079e+00 1.290600000000000080e-01
1.170000000000000000e+02 5.710314000000000334e+00 1.293600000000000028e-01
1.180000000000000000e+02 5.616297000000000317e+00 1.299500000000000099e-01
1.190000000000000000e+02 5.533561999999999870e+00 1.307200000000000029e-01
1.200000000000000000e+02 5.456776999999999767e+00 1.315600000000000103e-01
1.210000000000000000e+02 5.381269999999999776e+00 1.323499999999999954e-01
1.220000000000000000e+02 5.303131999999999735e+00 1.330099999999999894e-01
1.230000000000000000e+02 5.219276999999999944e+00 1.334299999999999931e-01
1.240000000000000000e+02 5.127456999999999709e+00 1.335699999999999943e-01
1.250000000000000000e+02 5.026250000000000107e+00 1.333600000000000063e-01
1.260000000000000000e+02 4.915002999999999567e+00 1.327699999999999991e-01
1.270000000000000000e+02 4.793763000000000218e+00 1.318000000000000005e-01
1.280000000000000000e+02 4.663183000000000078e+00 1.304299999999999904e-01
1.290000000000000000e+02 4.524421000000000248e+00 1.287000000000000088e-01
1.300000000000000000e+02 4.379025000000000389e+00 1.266299999999999926e-01
1.310000000000000000e+02 4.228823000000000221e+00 1.242700000000000055e-01
1.320000000000000000e+02 4.075821000000000360e+00 1.216700000000000004e-01
1.330000000000000000e+02 3.922099999999999920e+00 1.189000000000000057e-01
1.340000000000000000e+02 3.769725000000000215e+00 1.160100000000000020e-01
1.350000000000000000e+02 3.620676000000000005e+00 1.130599999999999938e-01
1.360000000000000000e+02 3.476776000000000089e+00 1.101300000000000057e-01
1.370000000000000000e+02 3.339643000000000139e+00 1.072700000000000042e-01
1.380000000000000000e+02 3.210656000000000176e+00 1.045399999999999940e-01
1.390000000000000000e+02 3.090924999999999923e+00 1.019800000000000012e-01
1.400000000000000000e+02 2.981275999999999815e+00 9.963500000000000134e-02
1.410000000000000000e+02 2.882251000000000118e+00 9.754000000000000170e-02
1.420000000000000000e+02 2.794109999999999872e+00 9.571699999999999653e-02
1.430000000000000000e+02 2.716841000000000061e+00 9.417899999999999883e-02
1.440000000000000000e+02 2.650179000000000062e+00 9.293200000000000072e-02
1.450000000000000000e+02 2.593634000000000217e+00 9.197099999999999720e-02
1.460000000000000000e+02 2.546514999999999862e+00 9.128400000000000403e-02
1.470000000000000000e+02 2.507960999999999885e+00 9.085200000000000220e-02
1.480000000000000000e+02 2.476983000000000157e+00 9.064700000000000535e-02
1.490000000000000000e+02 2.452494000000000174e+00 9.063899999999999735e-02
1.500000000000000000e+02 2.433351000000000042e+00 9.079199999999999771e-02
1.510000000000000000e+02 2.418391999999999875e+00 9.106599999999999417e-02
1.520000000000000000e+02 2.406473000000000084e+00 9.142500000000000626e-02
1.530000000000000000e+02 2.396501000000000214e+00 9.182700000000000584e-02
1.540000000000000000e+02 2.387468000000000146e+00 9.223599999999999854e-02
1.550000000000000000e+02 2.378473000000000059e+00 9.261700000000000488e-02
1.560000000000000000e+02 2.368748000000000076e+00 9.293999999999999484e-02
1.570000000000000000e+02 2.357666000000000039e+00 9.317899999999999794e-02
1.580000000000000000e+02 2.344756999999999980e+00 9.331499999999999517e-02
1.590000000000000000e+02 2.329701000000000022e+00 9.333199999999999830e-02
1.600000000000000000e+02 2.312332000000000054e+00 9.322300000000000031e-02
1.610000000000000000e+02 2.292622999999999855e+00 9.298399999999999721e-02
1.620000000000000000e+02 2.270669999999999966e+00 9.261900000000000688e-02
1.630000000000000000e+02 2.246682999999999986e+00 9.213399999999999368e-02
1.640000000000000000e+02 2.220956999999999848e+00 9.154099999999999737e-02
1.650000000000000000e+02 2.193855999999999806e+00 9.085500000000000520e-02
1.660000000000000000e+02 2.165795000000000137e+00 9.009200000000000541e-02
1.670000000000000000e+02 2.137217999999999840e+00 8.927100000000000313e-02
1.680000000000000000e+02 2.108582000000000178e+00 8.841200000000000447e-02
1.690000000000000000e+02 2.080344000000000193e+00 8.753600000000000270e-02
1.700000000000000000e+02 2.052947000000000077e+00 8.666000000000000092e-02
1.710000000000000000e+02 2.026813000000000198e+00 8.580599999999999339e-02
1.720000000000000000e+02 2.002333999999999836e+00 8.498899999999999511e-02
1.730000000000000000e+02 1.979870000000000019e+00 8.422799999999999732e-02
1.740000000000000000e+02 1.959740999999999955e+00 8.353800000000000114e-02
1.750000000000000000e+02 1.942226999999999926e+00 8.293000000000000371e-02
1.760000000000000000e+02 1.927569000000000088e+00 8.241700000000000415e-02
1.770000000000000000e+02 1.915964000000000000e+00 8.200799999999999756e-02
1.780000000000000000e+02 1.907564000000000037e+00 8.171100000000000585e-02
1.790000000000000000e+02 1.902479000000000031e+00 8.153000000000000524e-02
1.799900000000000091e+02 1.900776999999999939e+00 8.147000000000000075e-02


# DWBA 
#  theta                   mb/sr   
0.000000000000000000e+00 2.278999999999999915e+00
1.000000000000000000e+00 2.262999999999999901e+00
2.000000000000000000e+00 2.218999999999999861e+00
3.000000000000000000e+00 2.152000000000000135e+00
4.000000000000000000e+00 2.072000000000000064e+00
5.000000000000000000e+00 1.989000000000000101e+00
6.000000000000000000e+00 1.917000000000000037e+00
7.000000000000000000e+00 1.866999999999999993e+00
8.000000000000000000e+00 1.848999999999999977e+00
9.000000000000000000e+00 1.870000000000000107e+00
1.000000000000000000e+01 1.933999999999999941e+00
1.100000000000000000e+01 2.039000000000000146e+00
1.200000000000000000e+01 2.180000000000000160e+00
1.300000000000000000e+01 2.349000000000000199e+00
1.400000000000000000e+01 2.533999999999999808e+00
1.500000000000000000e+01 2.721999999999999975e+00
1.600000000000000000e+01 2.899999999999999911e+00
1.700000000000000000e+01 3.056000000000000050e+00
1.800000000000000000e+01 3.177000000000000046e+00
1.900000000000000000e+01 3.257000000000000117e+00
2.000000000000000000e+01 3.290000000000000036e+00
2.100000000000000000e+01 3.274999999999999911e+00
2.200000000000000000e+01 3.213999999999999968e+00
2.300000000000000000e+01 3.112000000000000099e+00
2.400000000000000000e+01 2.976999999999999869e+00
2.500000000000000000e+01 2.818999999999999950e+00
2.600000000000000000e+01 2.648000000000000131e+00
2.700000000000000000e+01 2.471999999999999975e+00
2.800000000000000000e+01 2.302999999999999936e+00
2.900000000000000000e+01 2.145999999999999908e+00
3.000000000000000000e+01 2.008999999999999897e+00
3.100000000000000000e+01 1.893999999999999906e+00
3.200000000000000000e+01 1.802999999999999936e+00
3.300000000000000000e+01 1.735000000000000098e+00
3.400000000000000000e+01 1.687000000000000055e+00
3.500000000000000000e+01 1.655000000000000027e+00
3.600000000000000000e+01 1.635000000000000009e+00
3.700000000000000000e+01 1.620000000000000107e+00
3.800000000000000000e+01 1.604999999999999982e+00
3.900000000000000000e+01 1.586999999999999966e+00
4.000000000000000000e+01 1.562000000000000055e+00
4.100000000000000000e+01 1.526000000000000023e+00
4.200000000000000000e+01 1.479000000000000092e+00
4.300000000000000000e+01 1.421000000000000041e+00
4.400000000000000000e+01 1.354000000000000092e+00
4.500000000000000000e+01 1.280000000000000027e+00
4.600000000000000000e+01 1.201000000000000068e+00
4.700000000000000000e+01 1.122999999999999998e+00
4.800000000000000000e+01 1.046999999999999931e+00
4.900000000000000000e+01 9.784000000000000474e-01
5.000000000000000000e+01 9.191000000000000281e-01
5.100000000000000000e+01 8.715000000000000524e-01
5.200000000000000000e+01 8.366999999999999993e-01
5.300000000000000000e+01 8.152000000000000357e-01
5.400000000000000000e+01 8.063000000000000167e-01
5.500000000000000000e+01 8.085999999999999854e-01
5.600000000000000000e+01 8.198999999999999622e-01
5.700000000000000000e+01 8.377000000000000002e-01
5.800000000000000000e+01 8.589999999999999858e-01
5.900000000000000000e+01 8.808000000000000274e-01
6.000000000000000000e+01 9.001000000000000112e-01
6.100000000000000000e+01 9.143999999999999906e-01
6.200000000000000000e+01 9.214999999999999858e-01
6.300000000000000000e+01 9.199000000000000510e-01
6.400000000000000000e+01 9.086999999999999522e-01
6.500000000000000000e+01 8.875999999999999446e-01
6.600000000000000000e+01 8.568000000000000060e-01
6.700000000000000000e+01 8.174000000000000155e-01
6.800000000000000000e+01 7.707000000000000517e-01
6.900000000000000000e+01 7.181999999999999496e-01
7.000000000000000000e+01 6.621000000000000218e-01
7.100000000000000000e+01 6.042999999999999483e-01
7.200000000000000000e+01 5.466999999999999638e-01
7.300000000000000000e+01 4.913000000000000145e-01
7.400000000000000000e+01 4.398000000000000242e-01
7.500000000000000000e+01 3.934000000000000274e-01
7.600000000000000000e+01 3.531000000000000250e-01
7.700000000000000000e+01 3.196999999999999842e-01
7.800000000000000000e+01 2.933999999999999941e-01
7.900000000000000000e+01 2.741000000000000103e-01
8.000000000000000000e+01 2.615000000000000102e-01
8.100000000000000000e+01 2.550000000000000044e-01
8.200000000000000000e+01 2.538000000000000256e-01
8.300000000000000000e+01 2.569000000000000172e-01
8.400000000000000000e+01 2.631000000000000005e-01
8.500000000000000000e+01 2.716000000000000081e-01
8.600000000000000000e+01 2.812000000000000055e-01
8.700000000000000000e+01 2.908999999999999919e-01
8.800000000000000000e+01 2.999999999999999889e-01
8.900000000000000000e+01 3.074999999999999956e-01
9.000000000000000000e+01 3.130999999999999894e-01
9.100000000000000000e+01 3.160999999999999921e-01
9.200000000000000000e+01 3.164000000000000146e-01
9.300000000000000000e+01 3.138000000000000234e-01
9.400000000000000000e+01 3.084000000000000075e-01
9.500000000000000000e+01 3.002000000000000224e-01
9.600000000000000000e+01 2.896000000000000241e-01
9.700000000000000000e+01 2.767999999999999905e-01
9.800000000000000000e+01 2.622999999999999776e-01
9.900000000000000000e+01 2.464000000000000079e-01
1.000000000000000000e+02 2.296999999999999875e-01
1.010000000000000000e+02 2.126000000000000112e-01
1.020000000000000000e+02 1.955000000000000071e-01
1.030000000000000000e+02 1.789999999999999925e-01
1.040000000000000000e+02 1.632000000000000117e-01
1.050000000000000000e+02 1.486000000000000099e-01
1.060000000000000000e+02 1.355000000000000093e-01
1.070000000000000000e+02 1.238999999999999962e-01
1.080000000000000000e+02 1.140999999999999931e-01
1.090000000000000000e+02 1.060999999999999999e-01
1.100000000000000000e+02 9.993000000000000493e-02
1.110000000000000000e+02 9.546999999999999931e-02
1.120000000000000000e+02 9.261999999999999400e-02
1.130000000000000000e+02 9.120999999999999941e-02
1.140000000000000000e+02 9.103999999999999593e-02
1.150000000000000000e+02 9.188999999999999946e-02
1.160000000000000000e+02 9.352000000000000590e-02
1.170000000000000000e+02 9.568000000000000116e-02
1.180000000000000000e+02 9.814000000000000501e-02
1.190000000000000000e+02 1.006999999999999978e-01
1.200000000000000000e+02 1.030999999999999972e-01
1.210000000000000000e+02 1.052000000000000018e-01
1.220000000000000000e+02 1.068999999999999950e-01
1.230000000000000000e+02 1.081000000000000016e-01
1.240000000000000000e+02 1.087000000000000050e-01
1.250000000000000000e+02 1.086000000000000021e-01
1.260000000000000000e+02 1.078000000000000069e-01
1.270000000000000000e+02 1.063999999999999946e-01
1.280000000000000000e+02 1.044000000000000067e-01
1.290000000000000000e+02 1.018000000000000016e-01
1.300000000000000000e+02 9.875000000000000444e-02
1.310000000000000000e+02 9.522999999999999521e-02
1.320000000000000000e+02 9.135999999999999677e-02
1.330000000000000000e+02 8.720999999999999586e-02
1.340000000000000000e+02 8.286999999999999922e-02
1.350000000000000000e+02 7.842000000000000359e-02
1.360000000000000000e+02 7.394000000000000572e-02
1.370000000000000000e+02 6.950000000000000622e-02
1.380000000000000000e+02 6.518000000000000183e-02
1.390000000000000000e+02 6.103999999999999704e-02
1.400000000000000000e+02 5.714999999999999941e-02
1.410000000000000000e+02 5.356999999999999956e-02
1.420000000000000000e+02 5.032999999999999974e-02
1.430000000000000000e+02 4.746999999999999831e-02
1.440000000000000000e+02 4.503000000000000058e-02
1.450000000000000000e+02 4.300999999999999962e-02
1.460000000000000000e+02 4.141000000000000236e-02
1.470000000000000000e+02 4.023999999999999799e-02
1.480000000000000000e+02 3.946999999999999814e-02
1.490000000000000000e+02 3.905999999999999750e-02
1.500000000000000000e+02 3.898999999999999688e-02
1.510000000000000000e+02 3.921000000000000180e-02
1.520000000000000000e+02 3.966999999999999693e-02
1.530000000000000000e+02 4.032000000000000167e-02
1.540000000000000000e+02 4.111000000000000071e-02
1.550000000000000000e+02 4.200000000000000261e-02
1.560000000000000000e+02 4.293999999999999900e-02
1.570000000000000000e+02 4.386999999999999927e-02
1.580000000000000000e+02 4.476999999999999730e-02
1.590000000000000000e+02 4.558000000000000246e-02
1.600000000000000000e+02 4.628999999999999782e-02
1.610000000000000000e+02 4.685999999999999888e-02
1.620000000000000000e+02 4.726000000000000340e-02
1.630000000000000000e+02 4.746999999999999831e-02
1.640000000000000000e+02 4.746999999999999831e-02
1.650000000000000000e+02 4.725000000000000033e-02
1.660000000000000000e+02 4.680999999999999744e-02
1.670000000000000000e+02 4.614000000000000046e-02
1.680000000000000000e+02 4.526000000000000162e-02
1.690000000000000000e+02 4.419000000000000011e-02
1.700000000000000000e+02 4.295000000000000207e-02
1.710000000000000000e+02 4.159000000000000197e-02
1.720000000000000000e+02 4.016000000000000125e-02
1.730000000000000000e+02 3.869000000000000217e-02
1.740000000000000000e+02 3.726999999999999758e-02
1.750000000000000000e+02 3.592999999999999666e-02
1.760000000000000000e+02 3.474000000000000005e-02
1.770000000000000000e+02 3.375999999999999834e-02
1.780000000000000000e+02 3.302000000000000074e-02
1.790000000000000000e+02 3.257000000000000173e-02
1.800000000000000000e+02 3.241000000000000131e-02
