# Elastic channel 
#  theta                   mb/sr                   ratio 
1.000000000000000021e-02 1.448300000000000000e+17 1.000000000000000000e+00
1.000000000000000000e+00 1.446200000000000000e+09 9.985399999999999832e-01
2.000000000000000000e+00 9.080600000000000000e+07 1.002999999999999892e+00
3.000000000000000000e+00 1.751500000000000000e+07 9.791400000000000103e-01
4.000000000000000000e+00 5.652200000000000000e+06 9.982999999999999652e-01
5.000000000000000000e+00 2.419100000000000000e+06 1.042699999999999960e+00
6.000000000000000000e+00 1.190600000000000000e+06 1.063499999999999890e+00
7.000000000000000000e+00 6.341700000000000000e+05 1.048699999999999966e+00
8.000000000000000000e+00 3.599100000000000000e+05 1.014599999999999946e+00
9.000000000000000000e+00 2.172600000000000000e+05 9.802199999999999802e-01
1.000000000000000000e+01 1.388600000000000000e+05 9.539499999999999647e-01
1.100000000000000000e+01 9.285400000000000000e+04 9.329499999999999460e-01
1.200000000000000000e+01 6.394700000000000000e+04 9.089099999999999957e-01
1.300000000000000000e+01 4.472200000000000000e+04 8.744300000000000406e-01
1.400000000000000000e+01 3.147800000000000000e+04 8.266900000000000359e-01
1.500000000000000000e+01 2.223100000000000000e+04 7.682700000000000085e-01
1.600000000000000000e+01 1.579600000000000000e+04 7.055700000000000305e-01
1.700000000000000000e+01 1.137300000000000000e+04 6.463400000000000256e-01
1.800000000000000000e+01 8.375750711999999112e+03 5.971999999999999531e-01
1.900000000000000000e+01 6.360270371999999952e+03 5.619199999999999751e-01
2.000000000000000000e+01 4.995745667999999569e+03 5.408100000000000129e-01
2.100000000000000000e+01 4.043694335000000137e+03 5.309700000000000530e-01
2.200000000000000000e+01 3.341755674999999883e+03 5.273900000000000254e-01
2.300000000000000000e+01 2.787266115999999784e+03 5.242799999999999683e-01
2.400000000000000000e+01 2.321461036000000149e+03 5.164600000000000302e-01
2.500000000000000000e+01 1.915327933999999914e+03 5.004399999999999959e-01
2.600000000000000000e+01 1.557915747000000010e+03 4.749599999999999933e-01
2.700000000000000000e+01 1.247461150000000089e+03 4.410899999999999821e-01
2.800000000000000000e+01 9.852822109999999611e+02 4.018100000000000005e-01
2.900000000000000000e+01 7.721002459999999701e+02 3.612699999999999800e-01
3.000000000000000000e+01 6.062920189999999820e+02 3.239099999999999757e-01
3.100000000000000000e+01 4.835250879999999825e+02 2.936099999999999821e-01
3.200000000000000000e+01 3.972589110000000119e+02 2.730199999999999849e-01
3.300000000000000000e+01 3.396735919999999851e+02 2.631399999999999850e-01
3.400000000000000000e+01 3.026918979999999806e+02 2.633300000000000085e-01
3.500000000000000000e+01 2.788691919999999982e+02 2.714799999999999991e-01
3.600000000000000000e+01 2.620263120000000185e+02 2.844700000000000006e-01
3.700000000000000000e+01 2.475835940000000051e+02 2.988100000000000200e-01
3.800000000000000000e+01 2.326157440000000065e+02 3.111499999999999821e-01
3.900000000000000000e+01 2.156862619999999993e+02 3.188400000000000123e-01
4.000000000000000000e+01 1.965385090000000048e+02 3.201999999999999846e-01
4.100000000000000000e+01 1.757219819999999970e+02 3.146999999999999797e-01
4.200000000000000000e+01 1.542216180000000065e+02 3.028500000000000081e-01
4.300000000000000000e+01 1.331400490000000048e+02 2.859999999999999765e-01
4.400000000000000000e+01 1.134621010000000041e+02 2.660199999999999787e-01
4.500000000000000000e+01 9.591134599999999466e+01 2.449000000000000066e-01
4.600000000000000000e+01 8.089259699999999498e+01 2.244800000000000129e-01
4.700000000000000000e+01 6.850343399999999860e+01 2.061900000000000122e-01
4.800000000000000000e+01 5.859234000000000009e+01 1.909200000000000064e-01
4.900000000000000000e+01 5.084035300000000035e+01 1.790100000000000025e-01
5.000000000000000000e+01 4.484609799999999780e+01 1.703300000000000092e-01
5.100000000000000000e+01 4.019929499999999933e+01 1.644100000000000006e-01
5.200000000000000000e+01 3.653399300000000238e+01 1.606299999999999950e-01
5.300000000000000000e+01 3.355855999999999995e+01 1.583700000000000108e-01
5.400000000000000000e+01 3.106422699999999892e+01 1.571099999999999997e-01
5.500000000000000000e+01 2.891708600000000118e+01 1.565100000000000102e-01
5.600000000000000000e+01 2.703992099999999965e+01 1.563900000000000012e-01
5.700000000000000000e+01 2.539029400000000081e+01 1.567000000000000060e-01
5.800000000000000000e+01 2.394018300000000110e+01 1.574599999999999889e-01
5.900000000000000000e+01 2.266079600000000127e+01 1.586299999999999932e-01
6.000000000000000000e+01 2.151424499999999895e+01 1.600900000000000101e-01
6.100000000000000000e+01 2.045204499999999825e+01 1.615800000000000014e-01
6.200000000000000000e+01 1.941910700000000034e+01 1.626900000000000013e-01
6.300000000000000000e+01 1.836109700000000089e+01 1.629299999999999915e-01
6.400000000000000000e+01 1.723283899999999846e+01 1.617899999999999894e-01
6.500000000000000000e+01 1.600565900000000141e+01 1.588199999999999890e-01
6.600000000000000000e+01 1.467213300000000054e+01 1.537100000000000133e-01
6.700000000000000000e+01 1.324743299999999913e+01 1.463700000000000001e-01
6.800000000000000000e+01 1.176716799999999985e+01 1.369900000000000007e-01
6.900000000000000000e+01 1.028226899999999944e+01 1.260000000000000009e-01
7.000000000000000000e+01 8.851876000000000744e+00 1.140700000000000047e-01
7.100000000000000000e+01 7.535413000000000139e+00 1.020199999999999996e-01
7.200000000000000000e+01 6.385023000000000337e+00 9.074000000000000121e-02
7.300000000000000000e+01 5.439379999999999882e+00 8.107000000000000317e-02
7.400000000000000000e+01 4.719565000000000232e+00 7.370799999999999574e-02
7.500000000000000000e+01 4.227367000000000097e+00 6.912300000000000388e-02
7.600000000000000000e+01 3.945985999999999994e+00 6.749700000000000144e-02
7.700000000000000000e+01 3.842846000000000206e+00 6.870900000000000618e-02
7.800000000000000000e+01 3.873947999999999947e+00 7.234400000000000552e-02
7.900000000000000000e+01 3.989123999999999892e+00 7.774699999999999667e-02
8.000000000000000000e+01 4.137480000000000047e+00 8.409500000000000308e-02
8.100000000000000000e+01 4.272403999999999868e+00 9.049300000000000399e-02
8.200000000000000000e+01 4.355625999999999998e+00 9.606900000000000162e-02
8.300000000000000000e+01 4.359994000000000369e+00 1.000700000000000062e-01
8.400000000000000000e+01 4.270815999999999946e+00 1.019300000000000067e-01
8.500000000000000000e+01 4.085780999999999885e+00 1.013399999999999995e-01
8.600000000000000000e+01 3.813644000000000034e+00 9.822799999999999587e-02
8.700000000000000000e+01 3.471959000000000017e+00 9.280800000000000161e-02
8.800000000000000000e+01 3.084201999999999888e+00 8.550499999999999767e-02
8.900000000000000000e+01 2.676670999999999800e+00 7.691399999999999626e-02
9.000000000000000000e+01 2.275491999999999848e+00 6.772999999999999854e-02
9.100000000000000000e+01 1.904036999999999979e+00 5.866899999999999893e-02
9.200000000000000000e+01 1.580942000000000069e+00 5.039799999999999836e-02
9.300000000000000000e+01 1.318864000000000036e+00 4.347199999999999676e-02
9.400000000000000000e+01 1.123985000000000012e+00 3.828499999999999959e-02
9.500000000000000000e+01 9.962180000000000479e-01 3.504600000000000076e-02
9.600000000000000000e+01 9.299910000000000121e-01 3.377000000000000141e-02
9.700000000000000000e+01 9.154539999999999900e-01 3.429399999999999810e-02
9.800000000000000000e+01 9.399220000000000352e-01 3.630599999999999800e-02
9.900000000000000000e+01 9.893920000000000492e-01 3.938300000000000134e-02
1.000000000000000000e+02 1.049960000000000004e+00 4.304800000000000293e-02
1.010000000000000000e+02 1.109034000000000075e+00 4.680900000000000338e-02
1.020000000000000000e+02 1.156244999999999967e+00 5.021400000000000169e-02
1.030000000000000000e+02 1.184020999999999990e+00 5.288099999999999745e-02
1.040000000000000000e+02 1.187831999999999999e+00 5.453100000000000308e-02
1.050000000000000000e+02 1.166117000000000070e+00 5.500100000000000128e-02
1.060000000000000000e+02 1.119966999999999935e+00 5.424500000000000155e-02
1.070000000000000000e+02 1.052629999999999955e+00 5.233000000000000151e-02
1.080000000000000000e+02 9.688999999999999835e-01 4.941700000000000259e-02
1.090000000000000000e+02 8.744790000000000063e-01 4.573599999999999888e-02
1.100000000000000000e+02 7.753619999999999957e-01 4.156499999999999778e-02
1.110000000000000000e+02 6.772960000000000091e-01 3.719800000000000190e-02
1.120000000000000000e+02 5.853429999999999467e-01 3.292099999999999888e-02
1.130000000000000000e+02 5.035690000000000444e-01 2.898999999999999841e-02
1.140000000000000000e+02 4.348580000000000223e-01 2.561400000000000135e-02
1.150000000000000000e+02 3.808420000000000138e-01 2.294200000000000059e-02
1.160000000000000000e+02 3.419449999999999990e-01 2.105699999999999933e-02
1.170000000000000000e+02 3.174989999999999757e-01 1.997900000000000023e-02
1.180000000000000000e+02 3.059330000000000105e-01 1.966299999999999992e-02
1.190000000000000000e+02 3.049990000000000201e-01 2.001400000000000054e-02
1.200000000000000000e+02 3.120149999999999868e-01 2.089600000000000138e-02
1.210000000000000000e+02 3.241169999999999884e-01 2.214400000000000049e-02
1.220000000000000000e+02 3.384889999999999843e-01 2.358199999999999880e-02
1.230000000000000000e+02 3.525590000000000113e-01 2.503700000000000023e-02
1.240000000000000000e+02 3.641650000000000165e-01 2.635099999999999942e-02
1.250000000000000000e+02 3.716619999999999924e-01 2.739199999999999968e-02
1.260000000000000000e+02 3.739830000000000099e-01 2.806300000000000114e-02
1.270000000000000000e+02 3.706439999999999735e-01 2.830600000000000130e-02
1.280000000000000000e+02 3.617040000000000255e-01 2.810299999999999951e-02
1.290000000000000000e+02 3.476819999999999911e-01 2.747300000000000089e-02
1.300000000000000000e+02 3.294509999999999939e-01 2.646400000000000141e-02
1.310000000000000000e+02 3.081110000000000237e-01 2.515099999999999975e-02
1.320000000000000000e+02 2.848680000000000101e-01 2.362300000000000164e-02
1.330000000000000000e+02 2.609210000000000140e-01 2.197199999999999848e-02
1.340000000000000000e+02 2.373719999999999997e-01 2.029100000000000001e-02
1.350000000000000000e+02 2.151559999999999861e-01 1.866299999999999903e-02
1.360000000000000000e+02 1.950109999999999899e-01 1.715900000000000064e-02
1.370000000000000000e+02 1.774580000000000046e-01 1.583299999999999985e-02
1.380000000000000000e+02 1.628100000000000103e-01 1.472500000000000024e-02
1.390000000000000000e+02 1.511929999999999941e-01 1.385600000000000026e-02
1.400000000000000000e+02 1.425700000000000023e-01 1.323500000000000024e-02
1.410000000000000000e+02 1.367720000000000047e-01 1.285700000000000037e-02
1.420000000000000000e+02 1.335240000000000038e-01 1.270600000000000028e-02
1.430000000000000000e+02 1.324680000000000024e-01 1.275599999999999998e-02
1.440000000000000000e+02 1.331869999999999998e-01 1.297300000000000016e-02
1.450000000000000000e+02 1.352260000000000129e-01 1.332000000000000024e-02
1.460000000000000000e+02 1.381110000000000115e-01 1.375200000000000033e-02
1.470000000000000000e+02 1.413699999999999957e-01 1.422499999999999980e-02
1.480000000000000000e+02 1.445559999999999901e-01 1.469499999999999973e-02
1.490000000000000000e+02 1.472670000000000090e-01 1.511900000000000049e-02
1.500000000000000000e+02 1.491659999999999930e-01 1.545999999999999978e-02
1.510000000000000000e+02 1.499959999999999904e-01 1.568900000000000156e-02
1.520000000000000000e+02 1.495879999999999987e-01 1.578600000000000142e-02
1.530000000000000000e+02 1.478710000000000024e-01 1.573899999999999952e-02
1.540000000000000000e+02 1.448649999999999938e-01 1.554600000000000079e-02
1.550000000000000000e+02 1.406759999999999955e-01 1.521600000000000036e-02
1.560000000000000000e+02 1.354839999999999933e-01 1.476599999999999961e-02
1.570000000000000000e+02 1.295320000000000082e-01 1.422000000000000000e-02
1.580000000000000000e+02 1.231020000000000031e-01 1.360899999999999957e-02
1.590000000000000000e+02 1.165059999999999985e-01 1.296500000000000083e-02
1.600000000000000000e+02 1.100610000000000060e-01 1.232499999999999915e-02
1.610000000000000000e+02 1.040750000000000008e-01 1.172499999999999931e-02
1.620000000000000000e+02 9.882100000000000606e-02 1.119700000000000036e-02
1.630000000000000000e+02 9.452499999999999791e-02 1.076799999999999979e-02
1.640000000000000000e+02 9.134100000000000552e-02 1.045800000000000028e-02
1.650000000000000000e+02 8.933800000000000074e-02 1.027699999999999968e-02
1.660000000000000000e+02 8.849300000000000221e-02 1.022499999999999971e-02
1.670000000000000000e+02 8.868800000000000294e-02 1.029000000000000054e-02
1.680000000000000000e+02 8.972499999999999920e-02 1.044999999999999922e-02
1.690000000000000000e+02 9.134499999999999564e-02 1.067700000000000073e-02
1.700000000000000000e+02 9.325799999999999368e-02 1.093500000000000028e-02
1.710000000000000000e+02 9.518100000000000172e-02 1.119299999999999982e-02
1.720000000000000000e+02 9.687300000000000078e-02 1.142199999999999986e-02
1.730000000000000000e+02 9.816300000000000026e-02 1.159999999999999920e-02
1.740000000000000000e+02 9.896800000000000042e-02 1.171900000000000025e-02
1.750000000000000000e+02 9.929699999999999638e-02 1.177699999999999927e-02
1.760000000000000000e+02 9.923999999999999488e-02 1.178700000000000060e-02
1.770000000000000000e+02 9.894200000000000217e-02 1.176400000000000015e-02
1.780000000000000000e+02 9.857000000000000484e-02 1.172800000000000058e-02
1.790000000000000000e+02 9.827500000000000124e-02 1.169899999999999933e-02
1.799900000000000091e+02 9.816400000000000126e-02 1.168699999999999947e-02


# DWBA 
#  theta                   mb/sr   
0.000000000000000000e+00 8.867000000000000881e+00
1.000000000000000000e+00 8.692000000000000171e+00
2.000000000000000000e+00 8.182999999999999829e+00
3.000000000000000000e+00 7.387999999999999901e+00
4.000000000000000000e+00 6.379999999999999893e+00
5.000000000000000000e+00 5.246000000000000441e+00
6.000000000000000000e+00 4.081000000000000405e+00
7.000000000000000000e+00 2.972999999999999865e+00
8.000000000000000000e+00 1.997999999999999998e+00
9.000000000000000000e+00 1.209999999999999964e+00
1.000000000000000000e+01 6.390000000000000124e-01
1.100000000000000000e+01 2.904999999999999805e-01
1.200000000000000000e+01 1.492999999999999883e-01
1.300000000000000000e+01 1.837000000000000022e-01
1.400000000000000000e+01 3.511000000000000232e-01
1.500000000000000000e+01 6.052999999999999492e-01
1.600000000000000000e+01 9.008000000000000451e-01
1.700000000000000000e+01 1.197999999999999954e+00
1.800000000000000000e+01 1.465999999999999970e+00
1.900000000000000000e+01 1.681999999999999940e+00
2.000000000000000000e+01 1.832999999999999963e+00
2.100000000000000000e+01 1.917000000000000037e+00
2.200000000000000000e+01 1.933000000000000052e+00
2.300000000000000000e+01 1.889999999999999902e+00
2.400000000000000000e+01 1.798000000000000043e+00
2.500000000000000000e+01 1.669000000000000039e+00
2.600000000000000000e+01 1.512999999999999901e+00
2.700000000000000000e+01 1.342000000000000082e+00
2.800000000000000000e+01 1.167000000000000037e+00
2.900000000000000000e+01 9.949000000000000066e-01
3.000000000000000000e+01 8.333000000000000407e-01
3.100000000000000000e+01 6.871000000000000441e-01
3.200000000000000000e+01 5.600000000000000533e-01
3.300000000000000000e+01 4.542999999999999816e-01
3.400000000000000000e+01 3.710999999999999854e-01
3.500000000000000000e+01 3.105999999999999872e-01
3.600000000000000000e+01 2.718999999999999750e-01
3.700000000000000000e+01 2.535000000000000031e-01
3.800000000000000000e+01 2.534000000000000141e-01
3.900000000000000000e+01 2.687999999999999834e-01
4.000000000000000000e+01 2.963999999999999968e-01
4.100000000000000000e+01 3.328999999999999737e-01
4.200000000000000000e+01 3.743000000000000216e-01
4.300000000000000000e+01 4.169999999999999818e-01
4.400000000000000000e+01 4.571000000000000063e-01
4.500000000000000000e+01 4.914999999999999925e-01
4.600000000000000000e+01 5.174999999999999600e-01
4.700000000000000000e+01 5.329000000000000403e-01
4.800000000000000000e+01 5.364999999999999769e-01
4.900000000000000000e+01 5.282000000000000028e-01
5.000000000000000000e+01 5.083999999999999631e-01
5.100000000000000000e+01 4.783000000000000029e-01
5.200000000000000000e+01 4.398000000000000242e-01
5.300000000000000000e+01 3.951999999999999957e-01
5.400000000000000000e+01 3.468999999999999861e-01
5.500000000000000000e+01 2.975999999999999757e-01
5.600000000000000000e+01 2.494999999999999996e-01
5.700000000000000000e+01 2.048000000000000098e-01
5.800000000000000000e+01 1.652000000000000135e-01
5.900000000000000000e+01 1.318999999999999895e-01
6.000000000000000000e+01 1.055999999999999994e-01
6.100000000000000000e+01 8.665000000000000480e-02
6.200000000000000000e+01 7.481000000000000150e-02
6.300000000000000000e+01 6.952999999999999459e-02
6.400000000000000000e+01 6.993000000000000604e-02
6.500000000000000000e+01 7.492000000000000048e-02
6.600000000000000000e+01 8.325000000000000455e-02
6.700000000000000000e+01 9.360999999999999877e-02
6.800000000000000000e+01 1.047000000000000014e-01
6.900000000000000000e+01 1.155000000000000054e-01
7.000000000000000000e+01 1.247999999999999943e-01
7.100000000000000000e+01 1.318999999999999895e-01
7.200000000000000000e+01 1.361999999999999877e-01
7.300000000000000000e+01 1.373999999999999944e-01
7.400000000000000000e+01 1.353999999999999926e-01
7.500000000000000000e+01 1.302999999999999992e-01
7.600000000000000000e+01 1.226000000000000006e-01
7.700000000000000000e+01 1.126000000000000056e-01
7.800000000000000000e+01 1.009000000000000036e-01
7.900000000000000000e+01 8.827999999999999736e-02
8.000000000000000000e+01 7.527000000000000357e-02
8.100000000000000000e+01 6.252000000000000612e-02
8.200000000000000000e+01 5.057999999999999996e-02
8.300000000000000000e+01 3.993000000000000022e-02
8.400000000000000000e+01 3.090999999999999998e-02
8.500000000000000000e+01 2.376999999999999946e-02
8.600000000000000000e+01 1.864000000000000032e-02
8.700000000000000000e+01 1.552000000000000081e-02
8.800000000000000000e+01 1.430999999999999980e-02
8.900000000000000000e+01 1.481999999999999984e-02
9.000000000000000000e+01 1.679999999999999896e-02
9.100000000000000000e+01 1.993999999999999939e-02
9.200000000000000000e+01 2.387999999999999845e-02
9.300000000000000000e+01 2.826000000000000040e-02
9.400000000000000000e+01 3.273999999999999827e-02
9.500000000000000000e+01 3.699999999999999817e-02
9.600000000000000000e+01 4.073999999999999844e-02
9.700000000000000000e+01 4.374000000000000110e-02
9.800000000000000000e+01 4.583000000000000268e-02
9.900000000000000000e+01 4.691000000000000031e-02
1.000000000000000000e+02 4.694999999999999868e-02
1.010000000000000000e+02 4.598000000000000004e-02
1.020000000000000000e+02 4.406999999999999806e-02
1.030000000000000000e+02 4.134999999999999787e-02
1.040000000000000000e+02 3.796999999999999681e-02
1.050000000000000000e+02 3.413000000000000062e-02
1.060000000000000000e+02 2.999999999999999889e-02
1.070000000000000000e+02 2.578000000000000083e-02
1.080000000000000000e+02 2.162999999999999992e-02
1.090000000000000000e+02 1.772999999999999923e-02
1.100000000000000000e+02 1.420000000000000082e-02
1.110000000000000000e+02 1.115000000000000019e-02
1.120000000000000000e+02 8.644000000000000641e-03
1.130000000000000000e+02 6.731000000000000004e-03
1.140000000000000000e+02 5.418000000000000073e-03
1.150000000000000000e+02 4.683999999999999796e-03
1.160000000000000000e+02 4.483000000000000006e-03
1.170000000000000000e+02 4.747000000000000351e-03
1.180000000000000000e+02 5.388999999999999693e-03
1.190000000000000000e+02 6.315000000000000301e-03
1.200000000000000000e+02 7.422999999999999911e-03
1.210000000000000000e+02 8.613000000000000864e-03
1.220000000000000000e+02 9.790999999999999356e-03
1.230000000000000000e+02 1.086999999999999945e-02
1.240000000000000000e+02 1.179000000000000013e-02
1.250000000000000000e+02 1.250000000000000069e-02
1.260000000000000000e+02 1.295999999999999930e-02
1.270000000000000000e+02 1.315000000000000023e-02
1.280000000000000000e+02 1.307999999999999961e-02
1.290000000000000000e+02 1.276000000000000051e-02
1.300000000000000000e+02 1.221000000000000037e-02
1.310000000000000000e+02 1.148000000000000062e-02
1.320000000000000000e+02 1.060000000000000005e-02
1.330000000000000000e+02 9.610999999999999752e-03
1.340000000000000000e+02 8.569000000000000228e-03
1.350000000000000000e+02 7.512999999999999713e-03
1.360000000000000000e+02 6.481999999999999915e-03
1.370000000000000000e+02 5.511000000000000273e-03
1.380000000000000000e+02 4.628000000000000169e-03
1.390000000000000000e+02 3.853999999999999787e-03
1.400000000000000000e+02 3.200999999999999852e-03
1.410000000000000000e+02 2.674000000000000161e-03
1.420000000000000000e+02 2.269999999999999882e-03
1.430000000000000000e+02 1.981000000000000122e-03
1.440000000000000000e+02 1.793000000000000106e-03
1.450000000000000000e+02 1.688999999999999963e-03
1.460000000000000000e+02 1.652999999999999955e-03
1.470000000000000000e+02 1.665999999999999946e-03
1.480000000000000000e+02 1.714000000000000029e-03
1.490000000000000000e+02 1.786999999999999960e-03
1.500000000000000000e+02 1.876000000000000063e-03
1.510000000000000000e+02 1.975999999999999892e-03
1.520000000000000000e+02 2.088000000000000012e-03
1.530000000000000000e+02 2.211999999999999991e-03
1.540000000000000000e+02 2.350999999999999791e-03
1.550000000000000000e+02 2.505999999999999981e-03
1.560000000000000000e+02 2.678999999999999958e-03
1.570000000000000000e+02 2.870000000000000155e-03
1.580000000000000000e+02 3.076000000000000175e-03
1.590000000000000000e+02 3.294000000000000053e-03
1.600000000000000000e+02 3.517000000000000161e-03
1.610000000000000000e+02 3.739999999999999835e-03
1.620000000000000000e+02 3.956000000000000315e-03
1.630000000000000000e+02 4.158000000000000237e-03
1.640000000000000000e+02 4.340000000000000108e-03
1.650000000000000000e+02 4.497000000000000129e-03
1.660000000000000000e+02 4.623999999999999638e-03
1.670000000000000000e+02 4.717999999999999972e-03
1.680000000000000000e+02 4.776999999999999996e-03
1.690000000000000000e+02 4.799999999999999580e-03
1.700000000000000000e+02 4.786000000000000323e-03
1.710000000000000000e+02 4.739000000000000157e-03
1.720000000000000000e+02 4.661000000000000212e-03
1.730000000000000000e+02 4.559999999999999817e-03
1.740000000000000000e+02 4.442999999999999901e-03
1.750000000000000000e+02 4.320000000000000055e-03
1.760000000000000000e+02 4.199999999999999740e-03
1.770000000000000000e+02 4.093000000000000284e-03
1.780000000000000000e+02 4.009999999999999676e-03
1.790000000000000000e+02 3.956000000000000315e-03
1.800000000000000000e+02 3.937999999999999660e-03
