# Elastic channel 
#  theta                   mb/sr                   ratio 
1.000000000000000021e-02 1.448300000000000000e+17 1.000000000000000000e+00
1.000000000000000000e+00 1.445500000000000000e+09 9.980200000000000182e-01
2.000000000000000000e+00 9.102700000000000000e+07 1.005400000000000071e+00
3.000000000000000000e+00 1.750900000000000000e+07 9.788099999999999579e-01
4.000000000000000000e+00 5.603300000000000000e+06 9.896599999999999842e-01
5.000000000000000000e+00 2.405100000000000000e+06 1.036599999999999966e+00
6.000000000000000000e+00 1.195700000000000000e+06 1.068000000000000060e+00
7.000000000000000000e+00 6.415500000000000000e+05 1.060899999999999954e+00
8.000000000000000000e+00 3.641500000000000000e+05 1.026499999999999968e+00
9.000000000000000000e+00 2.187500000000000000e+05 9.869200000000000195e-01
1.000000000000000000e+01 1.392900000000000000e+05 9.568699999999999983e-01
1.100000000000000000e+01 9.340200000000000000e+04 9.384500000000000064e-01
1.200000000000000000e+01 6.502900000000000000e+04 9.242899999999999450e-01
1.300000000000000000e+01 4.623700000000000000e+04 9.040399999999999547e-01
1.400000000000000000e+01 3.312500000000000000e+04 8.699500000000000011e-01
1.500000000000000000e+01 2.372300000000000000e+04 8.198400000000000132e-01
1.600000000000000000e+01 1.695500000000000000e+04 7.573400000000000132e-01
1.700000000000000000e+01 1.214400000000000000e+04 6.901199999999999557e-01
1.800000000000000000e+01 8.797595268999999462e+03 6.272699999999999942e-01
1.900000000000000000e+01 6.527517383999999765e+03 5.766999999999999904e-01
2.000000000000000000e+01 5.017351413000000321e+03 5.431500000000000217e-01
2.100000000000000000e+01 4.016120833999999832e+03 5.273499999999999854e-01
2.200000000000000000e+01 3.333947544000000107e+03 5.261599999999999611e-01
2.300000000000000000e+01 2.836440094000000045e+03 5.335299999999999487e-01
2.400000000000000000e+01 2.436522902000000158e+03 5.420599999999999863e-01
2.500000000000000000e+01 2.084551512999999886e+03 5.446600000000000330e-01
2.600000000000000000e+01 1.758015239000000065e+03 5.359699999999999465e-01
2.700000000000000000e+01 1.451972811999999976e+03 5.134100000000000330e-01
2.800000000000000000e+01 1.170999156999999968e+03 4.775499999999999745e-01
2.900000000000000000e+01 9.230345320000000129e+02 4.319000000000000061e-01
3.000000000000000000e+01 7.152033320000000458e+02 3.820999999999999952e-01
3.100000000000000000e+01 5.514349710000000186e+02 3.348499999999999810e-01
3.200000000000000000e+01 4.315726829999999836e+02 2.965999999999999748e-01
3.300000000000000000e+01 3.515857169999999883e+02 2.723700000000000010e-01
3.400000000000000000e+01 3.044901810000000069e+02 2.649000000000000243e-01
3.500000000000000000e+01 2.816175259999999980e+02 2.741500000000000048e-01
3.600000000000000000e+01 2.739321299999999724e+02 2.973999999999999977e-01
3.700000000000000000e+01 2.731775220000000104e+02 3.296999999999999931e-01
3.800000000000000000e+01 2.727131400000000099e+02 3.647799999999999931e-01
3.900000000000000000e+01 2.679810560000000237e+02 3.961399999999999921e-01
4.000000000000000000e+01 2.566081699999999728e+02 4.180599999999999872e-01
4.100000000000000000e+01 2.381992779999999925e+02 4.265800000000000147e-01
4.200000000000000000e+01 2.139083310000000040e+02 4.200599999999999890e-01
4.300000000000000000e+01 1.858888389999999902e+02 3.993200000000000083e-01
4.400000000000000000e+01 1.567219900000000052e+02 3.674499999999999988e-01
4.500000000000000000e+01 1.289057540000000017e+02 3.291499999999999981e-01
4.600000000000000000e+01 1.044644880000000029e+02 2.898999999999999910e-01
4.700000000000000000e+01 8.471091499999999996e+01 2.549799999999999844e-01
4.800000000000000000e+01 7.016507400000000416e+01 2.286299999999999999e-01
4.900000000000000000e+01 6.061170800000000014e+01 2.134199999999999986e-01
5.000000000000000000e+01 5.526093800000000300e+01 2.098800000000000110e-01
5.100000000000000000e+01 5.296831499999999693e+01 2.166299999999999892e-01
5.200000000000000000e+01 5.246938899999999961e+01 2.306900000000000062e-01
5.300000000000000000e+01 5.258974200000000110e+01 2.481800000000000117e-01
5.400000000000000000e+01 5.240205300000000221e+01 2.650299999999999878e-01
5.500000000000000000e+01 5.131489599999999740e+01 2.777299999999999769e-01
5.600000000000000000e+01 4.909134600000000148e+01 2.839300000000000157e-01
5.700000000000000000e+01 4.580687100000000100e+01 2.827100000000000168e-01
5.800000000000000000e+01 4.176415200000000283e+01 2.746999999999999997e-01
5.900000000000000000e+01 3.738647499999999724e+01 2.617200000000000082e-01
6.000000000000000000e+01 3.311127499999999912e+01 2.463899999999999979e-01
6.100000000000000000e+01 2.930180599999999913e+01 2.314900000000000013e-01
6.200000000000000000e+01 2.618897799999999876e+01 2.194000000000000117e-01
6.300000000000000000e+01 2.384829900000000080e+01 2.116200000000000025e-01
6.400000000000000000e+01 2.221007799999999932e+01 2.085200000000000109e-01
6.500000000000000000e+01 2.109554400000000030e+01 2.093200000000000061e-01
6.600000000000000000e+01 2.026811400000000063e+01 2.123299999999999910e-01
6.700000000000000000e+01 1.948800699999999964e+01 2.153200000000000114e-01
6.800000000000000000e+01 1.855952900000000128e+01 2.160600000000000021e-01
6.900000000000000000e+01 1.736325300000000027e+01 2.127699999999999869e-01
7.000000000000000000e+01 1.586918000000000006e+01 2.044900000000000051e-01
7.100000000000000000e+01 1.413097299999999912e+01 1.913199999999999901e-01
7.200000000000000000e+01 1.226488100000000081e+01 1.743000000000000105e-01
7.300000000000000000e+01 1.041930400000000034e+01 1.552900000000000114e-01
7.400000000000000000e+01 8.741939999999999600e+00 1.365300000000000125e-01
7.500000000000000000e+01 7.351022000000000389e+00 1.202000000000000013e-01
7.600000000000000000e+01 6.315573999999999799e+00 1.080300000000000010e-01
7.700000000000000000e+01 5.647318000000000282e+00 1.009700000000000042e-01
7.800000000000000000e+01 5.304337000000000302e+00 9.905600000000000516e-02
7.900000000000000000e+01 5.204348999999999670e+00 1.014300000000000063e-01
8.000000000000000000e+01 5.243911999999999907e+00 1.065799999999999942e-01
8.100000000000000000e+01 5.319137999999999700e+00 1.126599999999999963e-01
8.200000000000000000e+01 5.343771000000000271e+00 1.178600000000000064e-01
8.300000000000000000e+01 5.261465000000000281e+00 1.207600000000000062e-01
8.400000000000000000e+01 5.050618000000000052e+00 1.205500000000000044e-01
8.500000000000000000e+01 4.721786999999999956e+00 1.171100000000000058e-01
8.600000000000000000e+01 4.309154999999999625e+00 1.109900000000000053e-01
8.700000000000000000e+01 3.858594000000000079e+00 1.031399999999999956e-01
8.800000000000000000e+01 3.415239000000000136e+00 9.468200000000000227e-02
8.900000000000000000e+01 3.013269999999999893e+00 8.658599999999999630e-02
9.000000000000000000e+01 2.669855000000000089e+00 7.946799999999999697e-02
9.100000000000000000e+01 2.384091000000000182e+00 7.346099999999999852e-02
9.200000000000000000e+01 2.140629000000000115e+00 6.823999999999999511e-02
9.300000000000000000e+01 1.916649000000000047e+00 6.317599999999999605e-02
9.400000000000000000e+01 1.690225000000000088e+00 5.757299999999999918e-02
9.500000000000000000e+01 1.447921000000000014e+00 5.093700000000000311e-02
9.600000000000000000e+01 1.189799999999999969e+00 4.320500000000000035e-02
9.700000000000000000e+01 9.306849999999999845e-01 3.486500000000000016e-02
9.800000000000000000e+01 6.974270000000000191e-01 2.693900000000000114e-02
9.900000000000000000e+01 5.228690000000000282e-01 2.081300000000000164e-02
1.000000000000000000e+02 4.379049999999999887e-01 1.795400000000000121e-02
1.010000000000000000e+02 4.634820000000000051e-01 1.956199999999999953e-02
1.020000000000000000e+02 6.043629999999999836e-01 2.624599999999999850e-02
1.030000000000000000e+02 8.461100000000000287e-01 3.778900000000000314e-02
1.040000000000000000e+02 1.156041000000000096e+00 5.307200000000000112e-02
1.050000000000000000e+02 1.488058000000000103e+00 7.018599999999999839e-02
1.060000000000000000e+02 1.790459000000000023e+00 8.672000000000000541e-02
1.070000000000000000e+02 2.015179999999999971e+00 1.001800000000000052e-01
1.080000000000000000e+02 2.126634000000000135e+00 1.084600000000000009e-01
1.090000000000000000e+02 2.108369000000000160e+00 1.102700000000000069e-01
1.100000000000000000e+02 1.966217000000000104e+00 1.053999999999999937e-01
1.110000000000000000e+02 1.727268999999999943e+00 9.486300000000000288e-02
1.120000000000000000e+02 1.434866999999999893e+00 8.069999999999999396e-02
1.130000000000000000e+02 1.140579000000000010e+00 6.566199999999999815e-02
1.140000000000000000e+02 8.946979999999999933e-01 5.269900000000000279e-02
1.150000000000000000e+02 7.371090000000000142e-01 4.440299999999999803e-02
1.160000000000000000e+02 6.902589999999999559e-01 4.250700000000000311e-02
1.170000000000000000e+02 7.555629999999999846e-01 4.754400000000000293e-02
1.180000000000000000e+02 9.138880000000000337e-01 5.873799999999999855e-02
1.190000000000000000e+02 1.129944999999999977e+00 7.414800000000000557e-02
1.200000000000000000e+02 1.359690000000000065e+00 9.106000000000000205e-02
1.210000000000000000e+02 1.559217999999999993e+00 1.065299999999999997e-01
1.220000000000000000e+02 1.693400999999999934e+00 1.179800000000000015e-01
1.230000000000000000e+02 1.742558999999999969e+00 1.237499999999999989e-01
1.240000000000000000e+02 1.705878000000000005e+00 1.234399999999999942e-01
1.250000000000000000e+02 1.600940000000000030e+00 1.179899999999999977e-01
1.260000000000000000e+02 1.459503999999999913e+00 1.095200000000000062e-01
1.270000000000000000e+02 1.320432000000000050e+00 1.008399999999999991e-01
1.280000000000000000e+02 1.221184000000000047e+00 9.488199999999999412e-02
1.290000000000000000e+02 1.189646999999999899e+00 9.400100000000000122e-02
1.300000000000000000e+02 1.237927000000000000e+00 9.944000000000000061e-02
1.310000000000000000e+02 1.359404000000000057e+00 1.109699999999999992e-01
1.320000000000000000e+02 1.529652999999999929e+00 1.268499999999999905e-01
1.330000000000000000e+02 1.711109999999999909e+00 1.440899999999999959e-01
1.340000000000000000e+02 1.860578999999999983e+00 1.590399999999999869e-01
1.350000000000000000e+02 1.938123000000000040e+00 1.681100000000000094e-01
1.360000000000000000e+02 1.915585000000000093e+00 1.685500000000000054e-01
1.370000000000000000e+02 1.783009000000000066e+00 1.590799999999999992e-01
1.380000000000000000e+02 1.551665999999999990e+00 1.403399999999999925e-01
1.390000000000000000e+02 1.252969999999999917e+00 1.148300000000000015e-01
1.400000000000000000e+02 9.334139999999999660e-01 8.665200000000000680e-02
1.410000000000000000e+02 6.463870000000000449e-01 6.076299999999999757e-02
1.420000000000000000e+02 4.423900000000000055e-01 4.209700000000000247e-02
1.430000000000000000e+02 3.594720000000000137e-01 3.461399999999999894e-02
1.440000000000000000e+02 4.157310000000000172e-01 4.049500000000000322e-02
1.450000000000000000e+02 6.053410000000000180e-01 5.962699999999999945e-02
1.460000000000000000e+02 8.989530000000000021e-01 8.951299999999999535e-02
1.470000000000000000e+02 1.248477999999999977e+00 1.256299999999999917e-01
1.480000000000000000e+02 1.595461000000000018e+00 1.621900000000000008e-01
1.490000000000000000e+02 1.881558999999999982e+00 1.931599999999999984e-01
1.500000000000000000e+02 2.059217999999999993e+00 2.134199999999999986e-01
1.510000000000000000e+02 2.100572000000000106e+00 2.197199999999999986e-01
1.520000000000000000e+02 2.002914999999999779e+00 2.113700000000000023e-01
1.530000000000000000e+02 1.789665000000000061e+00 1.904800000000000104e-01
1.540000000000000000e+02 1.506604000000000054e+00 1.616799999999999904e-01
1.550000000000000000e+02 1.214010999999999951e+00 1.313100000000000100e-01
1.560000000000000000e+02 9.760809999999999764e-01 1.063800000000000023e-01
1.570000000000000000e+02 8.495439999999999658e-01 9.326500000000000068e-02
1.580000000000000000e+02 8.735420000000000407e-01 9.656800000000000106e-02
1.590000000000000000e+02 1.062621000000000038e+00 1.182499999999999940e-01
1.600000000000000000e+02 1.404138000000000108e+00 1.572500000000000009e-01
1.610000000000000000e+02 1.860576999999999925e+00 2.096099999999999908e-01
1.620000000000000000e+02 2.376374000000000208e+00 2.692499999999999893e-01
1.630000000000000000e+02 2.888025999999999982e+00 3.289900000000000047e-01
1.640000000000000000e+02 3.335634000000000210e+00 3.819000000000000172e-01
1.650000000000000000e+02 3.673792999999999864e+00 4.226199999999999957e-01
1.660000000000000000e+02 3.879788000000000014e+00 4.483099999999999863e-01
1.670000000000000000e+02 3.957615999999999801e+00 4.591899999999999871e-01
1.680000000000000000e+02 3.937037999999999816e+00 4.585500000000000131e-01
1.690000000000000000e+02 3.867812999999999946e+00 4.520799999999999819e-01
1.700000000000000000e+02 3.810153999999999819e+00 4.467700000000000005e-01
1.710000000000000000e+02 3.823106000000000115e+00 4.495899999999999896e-01
1.720000000000000000e+02 3.952986000000000111e+00 4.660699999999999843e-01
1.730000000000000000e+02 4.223995000000000388e+00 4.991599999999999926e-01
1.740000000000000000e+02 4.632747000000000170e+00 5.485499999999999821e-01
1.750000000000000000e+02 5.147751000000000410e+00 6.105599999999999916e-01
1.760000000000000000e+02 5.713994999999999713e+00 6.786499999999999755e-01
1.770000000000000000e+02 6.261865000000000236e+00 7.445100000000000051e-01
1.780000000000000000e+02 6.718809000000000253e+00 7.994499999999999940e-01
1.790000000000000000e+02 7.021708000000000283e+00 8.358700000000000019e-01
1.799900000000000091e+02 7.127714000000000105e+00 8.486200000000000410e-01


# DWBA 
#  theta                   mb/sr   
0.000000000000000000e+00 1.504000000000000059e-01
1.000000000000000000e+00 1.509999999999999953e-01
2.000000000000000000e+00 1.527000000000000024e-01
3.000000000000000000e+00 1.552999999999999936e-01
4.000000000000000000e+00 1.587000000000000077e-01
5.000000000000000000e+00 1.623999999999999888e-01
6.000000000000000000e+00 1.663000000000000034e-01
7.000000000000000000e+00 1.701000000000000012e-01
8.000000000000000000e+00 1.736999999999999933e-01
9.000000000000000000e+00 1.769999999999999907e-01
1.000000000000000000e+01 1.801000000000000101e-01
1.100000000000000000e+01 1.834999999999999964e-01
1.200000000000000000e+01 1.875999999999999890e-01
1.300000000000000000e+01 1.930000000000000049e-01
1.400000000000000000e+01 2.005000000000000115e-01
1.500000000000000000e+01 2.106999999999999984e-01
1.600000000000000000e+01 2.242999999999999994e-01
1.700000000000000000e+01 2.414999999999999925e-01
1.800000000000000000e+01 2.622999999999999776e-01
1.900000000000000000e+01 2.863999999999999879e-01
2.000000000000000000e+01 3.130000000000000004e-01
2.100000000000000000e+01 3.408999999999999808e-01
2.200000000000000000e+01 3.682000000000000273e-01
2.300000000000000000e+01 3.932999999999999829e-01
2.400000000000000000e+01 4.141000000000000236e-01
2.500000000000000000e+01 4.287000000000000255e-01
2.600000000000000000e+01 4.354000000000000092e-01
2.700000000000000000e+01 4.331999999999999740e-01
2.800000000000000000e+01 4.213999999999999968e-01
2.900000000000000000e+01 4.003999999999999782e-01
3.000000000000000000e+01 3.710999999999999854e-01
3.100000000000000000e+01 3.352999999999999869e-01
3.200000000000000000e+01 2.953000000000000069e-01
3.300000000000000000e+01 2.539000000000000146e-01
3.400000000000000000e+01 2.139999999999999958e-01
3.500000000000000000e+01 1.782999999999999863e-01
3.600000000000000000e+01 1.494000000000000050e-01
3.700000000000000000e+01 1.290000000000000036e-01
3.800000000000000000e+01 1.179999999999999938e-01
3.900000000000000000e+01 1.165000000000000063e-01
4.000000000000000000e+01 1.237999999999999934e-01
4.100000000000000000e+01 1.381000000000000005e-01
4.200000000000000000e+01 1.572000000000000064e-01
4.300000000000000000e+01 1.784999999999999920e-01
4.400000000000000000e+01 1.991999999999999882e-01
4.500000000000000000e+01 2.169000000000000095e-01
4.600000000000000000e+01 2.295000000000000095e-01
4.700000000000000000e+01 2.354999999999999871e-01
4.800000000000000000e+01 2.341999999999999915e-01
4.900000000000000000e+01 2.258000000000000007e-01
5.000000000000000000e+01 2.111000000000000099e-01
5.100000000000000000e+01 1.917000000000000093e-01
5.200000000000000000e+01 1.693000000000000060e-01
5.300000000000000000e+01 1.461999999999999966e-01
5.400000000000000000e+01 1.241000000000000020e-01
5.500000000000000000e+01 1.048999999999999932e-01
5.600000000000000000e+01 8.991000000000000381e-02
5.700000000000000000e+01 7.975000000000000144e-02
5.800000000000000000e+01 7.462000000000000577e-02
5.900000000000000000e+01 7.412000000000000532e-02
6.000000000000000000e+01 7.742000000000000270e-02
6.100000000000000000e+01 8.336999999999999966e-02
6.200000000000000000e+01 9.064999999999999447e-02
6.300000000000000000e+01 9.798999999999999377e-02
6.400000000000000000e+01 1.043000000000000038e-01
6.500000000000000000e+01 1.086000000000000021e-01
6.600000000000000000e+01 1.103999999999999981e-01
6.700000000000000000e+01 1.095000000000000001e-01
6.800000000000000000e+01 1.059999999999999970e-01
6.900000000000000000e+01 1.004000000000000031e-01
7.000000000000000000e+01 9.306000000000000383e-02
7.100000000000000000e+01 8.472999999999999976e-02
7.200000000000000000e+01 7.602000000000000424e-02
7.300000000000000000e+01 6.748999999999999444e-02
7.400000000000000000e+01 5.956000000000000183e-02
7.500000000000000000e+01 5.253000000000000030e-02
7.600000000000000000e+01 4.653999999999999804e-02
7.700000000000000000e+01 4.161000000000000115e-02
7.800000000000000000e+01 3.765000000000000291e-02
7.900000000000000000e+01 3.454000000000000126e-02
8.000000000000000000e+01 3.212999999999999884e-02
8.100000000000000000e+01 3.028000000000000136e-02
8.200000000000000000e+01 2.888999999999999901e-02
8.300000000000000000e+01 2.785999999999999935e-02
8.400000000000000000e+01 2.716000000000000011e-02
8.500000000000000000e+01 2.673000000000000029e-02
8.600000000000000000e+01 2.654000000000000109e-02
8.700000000000000000e+01 2.655000000000000068e-02
8.800000000000000000e+01 2.666999999999999926e-02
8.900000000000000000e+01 2.682000000000000009e-02
9.000000000000000000e+01 2.689000000000000071e-02
9.100000000000000000e+01 2.678000000000000172e-02
9.200000000000000000e+01 2.639000000000000026e-02
9.300000000000000000e+01 2.568000000000000144e-02
9.400000000000000000e+01 2.460999999999999993e-02
9.500000000000000000e+01 2.322000000000000106e-02
9.600000000000000000e+01 2.160000000000000114e-02
9.700000000000000000e+01 1.984000000000000000e-02
9.800000000000000000e+01 1.806999999999999926e-02
9.900000000000000000e+01 1.643000000000000016e-02
1.000000000000000000e+02 1.502999999999999996e-02
1.010000000000000000e+02 1.393999999999999927e-02
1.020000000000000000e+02 1.318000000000000074e-02
1.030000000000000000e+02 1.273999999999999959e-02
1.040000000000000000e+02 1.255000000000000039e-02
1.050000000000000000e+02 1.251999999999999988e-02
1.060000000000000000e+02 1.254000000000000080e-02
1.070000000000000000e+02 1.251000000000000029e-02
1.080000000000000000e+02 1.234999999999999987e-02
1.090000000000000000e+02 1.201999999999999943e-02
1.100000000000000000e+02 1.152000000000000073e-02
1.110000000000000000e+02 1.089000000000000037e-02
1.120000000000000000e+02 1.020000000000000073e-02
1.130000000000000000e+02 9.546000000000000665e-03
1.140000000000000000e+02 9.013000000000000178e-03
1.150000000000000000e+02 8.682999999999999746e-03
1.160000000000000000e+02 8.607000000000000067e-03
1.170000000000000000e+02 8.800000000000000530e-03
1.180000000000000000e+02 9.237000000000000419e-03
1.190000000000000000e+02 9.860000000000000708e-03
1.200000000000000000e+02 1.059000000000000045e-02
1.210000000000000000e+02 1.132000000000000020e-02
1.220000000000000000e+02 1.196999999999999974e-02
1.230000000000000000e+02 1.247000000000000018e-02
1.240000000000000000e+02 1.276000000000000051e-02
1.250000000000000000e+02 1.284000000000000072e-02
1.260000000000000000e+02 1.271000000000000081e-02
1.270000000000000000e+02 1.240999999999999916e-02
1.280000000000000000e+02 1.201999999999999943e-02
1.290000000000000000e+02 1.157000000000000042e-02
1.300000000000000000e+02 1.114000000000000060e-02
1.310000000000000000e+02 1.077000000000000006e-02
1.320000000000000000e+02 1.047000000000000014e-02
1.330000000000000000e+02 1.024000000000000084e-02
1.340000000000000000e+02 1.007000000000000083e-02
1.350000000000000000e+02 9.922000000000000264e-03
1.360000000000000000e+02 9.771999999999999437e-03
1.370000000000000000e+02 9.589000000000000301e-03
1.380000000000000000e+02 9.360999999999999530e-03
1.390000000000000000e+02 9.091000000000000122e-03
1.400000000000000000e+02 8.800999999999999795e-03
1.410000000000000000e+02 8.528000000000000858e-03
1.420000000000000000e+02 8.314999999999999475e-03
1.430000000000000000e+02 8.208999999999999284e-03
1.440000000000000000e+02 8.245000000000000592e-03
1.450000000000000000e+02 8.446000000000000382e-03
1.460000000000000000e+02 8.812000000000000388e-03
1.470000000000000000e+02 9.325999999999999221e-03
1.480000000000000000e+02 9.950000000000000511e-03
1.490000000000000000e+02 1.064000000000000015e-02
1.500000000000000000e+02 1.132999999999999979e-02
1.510000000000000000e+02 1.199000000000000066e-02
1.520000000000000000e+02 1.257999999999999917e-02
1.530000000000000000e+02 1.307000000000000002e-02
1.540000000000000000e+02 1.346999999999999933e-02
1.550000000000000000e+02 1.379000000000000017e-02
1.560000000000000000e+02 1.409000000000000009e-02
1.570000000000000000e+02 1.439000000000000001e-02
1.580000000000000000e+02 1.473000000000000004e-02
1.590000000000000000e+02 1.515999999999999986e-02
1.600000000000000000e+02 1.567999999999999949e-02
1.610000000000000000e+02 1.629999999999999852e-02
1.620000000000000000e+02 1.700000000000000122e-02
1.630000000000000000e+02 1.772999999999999923e-02
1.640000000000000000e+02 1.844000000000000153e-02
1.650000000000000000e+02 1.907000000000000015e-02
1.660000000000000000e+02 1.958000000000000018e-02
1.670000000000000000e+02 1.990000000000000102e-02
1.680000000000000000e+02 2.001999999999999960e-02
1.690000000000000000e+02 1.992000000000000021e-02
1.700000000000000000e+02 1.959999999999999937e-02
1.710000000000000000e+02 1.908999999999999933e-02
1.720000000000000000e+02 1.842999999999999847e-02
1.730000000000000000e+02 1.768000000000000127e-02
1.740000000000000000e+02 1.688999999999999876e-02
1.750000000000000000e+02 1.610999999999999932e-02
1.760000000000000000e+02 1.540000000000000049e-02
1.770000000000000000e+02 1.480000000000000066e-02
1.780000000000000000e+02 1.434000000000000032e-02
1.790000000000000000e+02 1.405999999999999958e-02
1.800000000000000000e+02 1.396000000000000019e-02
