# Elastic channel 
#  theta                   mb/sr                   ratio 
1.000000000000000021e-02 4.023000000000000000e+17 1.000000000000000000e+00
1.000000000000000000e+00 4.021400000000000000e+09 9.995699999999999585e-01
2.000000000000000000e+00 2.514300000000000000e+08 9.997899999999999565e-01
3.000000000000000000e+00 4.960700000000000000e+07 9.983600000000000252e-01
4.000000000000000000e+00 1.583300000000000000e+07 1.006699999999999928e+00
5.000000000000000000e+00 6.466700000000000000e+06 1.003400000000000070e+00
6.000000000000000000e+00 3.079800000000000000e+06 9.903600000000000181e-01
7.000000000000000000e+00 1.651100000000000000e+06 9.829799999999999649e-01
8.000000000000000000e+00 9.733000000000000000e+05 9.877599999999999714e-01
9.000000000000000000e+00 6.161700000000000000e+05 1.000799999999999912e+00
1.000000000000000000e+01 4.104000000000000000e+05 1.014999999999999902e+00
1.100000000000000000e+01 2.835500000000000000e+05 1.025600000000000067e+00
1.200000000000000000e+01 2.016200000000000000e+05 1.031700000000000061e+00
1.300000000000000000e+01 1.469700000000000000e+05 1.034499999999999975e+00
1.400000000000000000e+01 1.095700000000000000e+05 1.035900000000000043e+00
1.500000000000000000e+01 8.335300000000000000e+04 1.036999999999999922e+00
1.600000000000000000e+01 6.451500000000000000e+04 1.037400000000000100e+00
1.700000000000000000e+01 5.063200000000000000e+04 1.035800000000000054e+00
1.800000000000000000e+01 4.014900000000000000e+04 1.030599999999999961e+00
1.900000000000000000e+01 3.207000000000000000e+04 1.020000000000000018e+00
2.000000000000000000e+01 2.574300000000000000e+04 1.003200000000000092e+00
2.100000000000000000e+01 2.073700000000000000e+04 9.802699999999999747e-01
2.200000000000000000e+01 1.675500000000000000e+04 9.519100000000000339e-01
2.300000000000000000e+01 1.358100000000000000e+04 9.196499999999999675e-01
2.400000000000000000e+01 1.105400000000000000e+04 8.852900000000000214e-01
2.500000000000000000e+01 9.044305175999999847e+03 8.507200000000000317e-01
2.600000000000000000e+01 7.449404768000000331e+03 8.175999999999999934e-01
2.700000000000000000e+01 6.183911651000000347e+03 7.871700000000000363e-01
2.800000000000000000e+01 5.178061735999999655e+03 7.602100000000000524e-01
2.900000000000000000e+01 4.375052967999999964e+03 7.369700000000000140e-01
3.000000000000000000e+01 3.729244465000000218e+03 7.172500000000000542e-01
3.100000000000000000e+01 3.204558480000000145e+03 7.005299999999999860e-01
3.200000000000000000e+01 2.772980930000000171e+03 6.860600000000000032e-01
3.300000000000000000e+01 2.413148275999999896e+03 6.730000000000000426e-01
3.400000000000000000e+01 2.109044718999999986e+03 6.605299999999999505e-01
3.500000000000000000e+01 1.848839484000000084e+03 6.479399999999999604e-01
3.600000000000000000e+01 1.623885579999999891e+03 6.346699999999999564e-01
3.700000000000000000e+01 1.427888500999999906e+03 6.203899999999999970e-01
3.800000000000000000e+01 1.256240819000000101e+03 6.049299999999999677e-01
3.900000000000000000e+01 1.105509076000000050e+03 5.883099999999999996e-01
4.000000000000000000e+01 9.730532429999999522e+02 5.706999999999999851e-01
4.100000000000000000e+01 8.567561869999999544e+02 5.523599999999999621e-01
4.200000000000000000e+01 7.548403670000000147e+02 5.336300000000000487e-01
4.300000000000000000e+01 6.657505469999999832e+02 5.148500000000000298e-01
4.400000000000000000e+01 5.880840640000000121e+02 4.963699999999999779e-01
4.500000000000000000e+01 5.205534040000000005e+02 4.785099999999999909e-01
4.600000000000000000e+01 4.619691530000000057e+02 4.615199999999999858e-01
4.700000000000000000e+01 4.112344620000000077e+02 4.456100000000000061e-01
4.800000000000000000e+01 3.673448769999999968e+02 4.309200000000000252e-01
4.900000000000000000e+01 3.293895279999999843e+02 4.175300000000000122e-01
5.000000000000000000e+01 2.965514019999999960e+02 4.054699999999999971e-01
5.100000000000000000e+01 2.681056389999999965e+02 3.947399999999999798e-01
5.200000000000000000e+01 2.434156360000000063e+02 3.852800000000000114e-01
5.300000000000000000e+01 2.219272190000000080e+02 3.770399999999999863e-01
5.400000000000000000e+01 2.031614490000000046e+02 3.699100000000000166e-01
5.500000000000000000e+01 1.867066570000000070e+02 3.637900000000000023e-01
5.600000000000000000e+01 1.722103089999999952e+02 3.585599999999999898e-01
5.700000000000000000e+01 1.593711720000000014e+02 3.541000000000000258e-01
5.800000000000000000e+01 1.479321270000000084e+02 3.502799999999999803e-01
5.900000000000000000e+01 1.376738420000000076e+02 3.469499999999999806e-01
6.000000000000000000e+01 1.284093870000000095e+02 3.439900000000000180e-01
6.100000000000000000e+01 1.199797760000000011e+02 3.412299999999999778e-01
6.200000000000000000e+01 1.122503650000000022e+02 3.385400000000000076e-01
6.300000000000000000e+01 1.051079529999999949e+02 3.357700000000000129e-01
6.400000000000000000e+01 9.845845199999999409e+01 3.327800000000000202e-01
6.500000000000000000e+01 9.222496200000000499e+01 3.294400000000000106e-01
6.600000000000000000e+01 8.634610800000000097e+01 3.256399999999999850e-01
6.700000000000000000e+01 8.077452099999999291e+01 3.212900000000000200e-01
6.800000000000000000e+01 7.547536800000000312e+01 3.163099999999999801e-01
6.900000000000000000e+01 7.042486499999999694e+01 3.106700000000000017e-01
7.000000000000000000e+01 6.560873899999999992e+01 3.043600000000000194e-01
7.100000000000000000e+01 6.102062999999999704e+01 2.974100000000000077e-01
7.200000000000000000e+01 5.666044300000000078e+01 2.898800000000000265e-01
7.300000000000000000e+01 5.253268299999999869e+01 2.818700000000000094e-01
7.400000000000000000e+01 4.864480499999999807e+01 2.735000000000000209e-01
7.500000000000000000e+01 4.500563999999999965e+01 2.649199999999999888e-01
7.600000000000000000e+01 4.162393200000000348e+01 2.563199999999999923e-01
7.700000000000000000e+01 3.850703500000000190e+01 2.478599999999999970e-01
7.800000000000000000e+01 3.565982000000000340e+01 2.397400000000000087e-01
7.900000000000000000e+01 3.308380900000000224e+01 2.321300000000000030e-01
8.000000000000000000e+01 3.077656700000000001e+01 2.251900000000000013e-01
8.100000000000000000e+01 2.873135600000000167e+01 2.190799999999999970e-01
8.200000000000000000e+01 2.693705500000000086e+01 2.138899999999999968e-01
8.300000000000000000e+01 2.537832600000000127e+01 2.096899999999999875e-01
8.400000000000000000e+01 2.403601000000000099e+01 2.065200000000000091e-01
8.500000000000000000e+01 2.288771399999999900e+01 2.043600000000000139e-01
8.600000000000000000e+01 2.190855699999999828e+01 2.031499999999999972e-01
8.700000000000000000e+01 2.107202799999999954e+01 2.027799999999999880e-01
8.800000000000000000e+01 2.035090500000000091e+01 2.031100000000000128e-01
8.900000000000000000e+01 1.971819599999999895e+01 2.039799999999999947e-01
9.000000000000000000e+01 1.914804699999999826e+01 2.051800000000000013e-01
9.100000000000000000e+01 1.861657900000000154e+01 2.065099999999999991e-01
9.200000000000000000e+01 1.810260800000000003e+01 2.077499999999999902e-01
9.300000000000000000e+01 1.758823399999999992e+01 2.087100000000000066e-01
9.400000000000000000e+01 1.705924900000000122e+01 2.091899999999999871e-01
9.500000000000000000e+01 1.650537999999999883e+01 2.090299999999999936e-01
9.600000000000000000e+01 1.592033999999999949e+01 2.081199999999999994e-01
9.700000000000000000e+01 1.530169899999999927e+01 2.063599999999999879e-01
9.800000000000000000e+01 1.465060199999999924e+01 2.037200000000000122e-01
9.900000000000000000e+01 1.397133200000000031e+01 2.002099999999999991e-01
1.000000000000000000e+02 1.327077000000000062e+01 1.958699999999999886e-01
1.010000000000000000e+02 1.255776999999999965e+01 1.908100000000000074e-01
1.020000000000000000e+02 1.184249400000000030e+01 1.851500000000000090e-01
1.030000000000000000e+02 1.113573899999999917e+01 1.790400000000000047e-01
1.040000000000000000e+02 1.044828200000000074e+01 1.726800000000000002e-01
1.050000000000000000e+02 9.790290999999999855e+00 1.662399999999999989e-01
1.060000000000000000e+02 9.170816999999999553e+00 1.599099999999999966e-01
1.070000000000000000e+02 8.597376999999999825e+00 1.538700000000000068e-01
1.080000000000000000e+02 8.075661000000000200e+00 1.482799999999999951e-01
1.090000000000000000e+02 7.609352999999999589e+00 1.432700000000000085e-01
1.100000000000000000e+02 7.200067999999999913e+00 1.389499999999999902e-01
1.110000000000000000e+02 6.847404000000000046e+00 1.353800000000000003e-01
1.120000000000000000e+02 6.549088000000000243e+00 1.325999999999999956e-01
1.130000000000000000e+02 6.301204000000000249e+00 1.305900000000000116e-01
1.140000000000000000e+02 6.098494999999999777e+00 1.293199999999999905e-01
1.150000000000000000e+02 5.934689999999999799e+00 1.287000000000000088e-01
1.160000000000000000e+02 5.802870999999999668e+00 1.286400000000000043e-01
1.170000000000000000e+02 5.695833999999999619e+00 1.290300000000000058e-01
1.180000000000000000e+02 5.606433000000000000e+00 1.297200000000000020e-01
1.190000000000000000e+02 5.527891999999999584e+00 1.305900000000000116e-01
1.200000000000000000e+02 5.454075999999999702e+00 1.314899999999999958e-01
1.210000000000000000e+02 5.379694999999999894e+00 1.323199999999999932e-01
1.220000000000000000e+02 5.300457999999999892e+00 1.329400000000000026e-01
1.230000000000000000e+02 5.213155000000000427e+00 1.332800000000000096e-01
1.240000000000000000e+02 5.115671999999999997e+00 1.332599999999999896e-01
1.250000000000000000e+02 5.006962999999999830e+00 1.328499999999999959e-01
1.260000000000000000e+02 4.886951999999999963e+00 1.320199999999999985e-01
1.270000000000000000e+02 4.756412000000000084e+00 1.307699999999999974e-01
1.280000000000000000e+02 4.616801999999999850e+00 1.291400000000000048e-01
1.290000000000000000e+02 4.470095999999999847e+00 1.271599999999999953e-01
1.300000000000000000e+02 4.318605999999999945e+00 1.248900000000000010e-01
1.310000000000000000e+02 4.164805999999999564e+00 1.223899999999999988e-01
1.320000000000000000e+02 4.011178000000000132e+00 1.197499999999999953e-01
1.330000000000000000e+02 3.860078999999999816e+00 1.170199999999999990e-01
1.340000000000000000e+02 3.713632000000000044e+00 1.142800000000000066e-01
1.350000000000000000e+02 3.573647999999999936e+00 1.115899999999999948e-01
1.360000000000000000e+02 3.441580000000000084e+00 1.090200000000000058e-01
1.370000000000000000e+02 3.318497999999999948e+00 1.065900000000000042e-01
1.380000000000000000e+02 3.205090999999999912e+00 1.043499999999999983e-01
1.390000000000000000e+02 3.101691000000000198e+00 1.023300000000000043e-01
1.400000000000000000e+02 3.008303999999999867e+00 1.005400000000000044e-01
1.410000000000000000e+02 2.924655000000000005e+00 9.897499999999999354e-02
1.420000000000000000e+02 2.850239999999999885e+00 9.764000000000000457e-02
1.430000000000000000e+02 2.784375999999999962e+00 9.652099999999999569e-02
1.440000000000000000e+02 2.726252000000000120e+00 9.560000000000000442e-02
1.450000000000000000e+02 2.674977999999999856e+00 9.485599999999999588e-02
1.460000000000000000e+02 2.629627000000000159e+00 9.426400000000000057e-02
1.470000000000000000e+02 2.589275999999999911e+00 9.379800000000000637e-02
1.480000000000000000e+02 2.553036999999999779e+00 9.343100000000000016e-02
1.490000000000000000e+02 2.520084000000000213e+00 9.313699999999999757e-02
1.500000000000000000e+02 2.489676999999999918e+00 9.289300000000000335e-02
1.510000000000000000e+02 2.461174999999999891e+00 9.267799999999999649e-02
1.520000000000000000e+02 2.434044999999999792e+00 9.247199999999999864e-02
1.530000000000000000e+02 2.407868000000000119e+00 9.226199999999999679e-02
1.540000000000000000e+02 2.382336000000000009e+00 9.203699999999999382e-02
1.550000000000000000e+02 2.357247000000000092e+00 9.178999999999999659e-02
1.560000000000000000e+02 2.332497000000000043e+00 9.151700000000000113e-02
1.570000000000000000e+02 2.308066000000000173e+00 9.121899999999999453e-02
1.580000000000000000e+02 2.284005000000000063e+00 9.089700000000000557e-02
1.590000000000000000e+02 2.260422000000000153e+00 9.055599999999999761e-02
1.600000000000000000e+02 2.237465999999999955e+00 9.020400000000000640e-02
1.610000000000000000e+02 2.215314999999999923e+00 8.984899999999999831e-02
1.620000000000000000e+02 2.194160000000000110e+00 8.949799999999999423e-02
1.630000000000000000e+02 2.174195000000000100e+00 8.916100000000000414e-02
1.640000000000000000e+02 2.155606999999999829e+00 8.884799999999999642e-02
1.650000000000000000e+02 2.138562999999999992e+00 8.856500000000000483e-02
1.660000000000000000e+02 2.123203000000000173e+00 8.831999999999999573e-02
1.670000000000000000e+02 2.109630000000000116e+00 8.811900000000000288e-02
1.680000000000000000e+02 2.097907000000000188e+00 8.796500000000000152e-02
1.690000000000000000e+02 2.088045000000000151e+00 8.785999999999999366e-02
1.700000000000000000e+02 2.080001999999999907e+00 8.780200000000000504e-02
1.710000000000000000e+02 2.073685999999999918e+00 8.779000000000000692e-02
1.720000000000000000e+02 2.068950000000000067e+00 8.781700000000000617e-02
1.730000000000000000e+02 2.065603999999999996e+00 8.787599999999999578e-02
1.740000000000000000e+02 2.063422999999999785e+00 8.795699999999999352e-02
1.750000000000000000e+02 2.062158000000000158e+00 8.805100000000000426e-02
1.760000000000000000e+02 2.061557999999999780e+00 8.814600000000000213e-02
1.770000000000000000e+02 2.061383000000000187e+00 8.823300000000000587e-02
1.780000000000000000e+02 2.061424000000000145e+00 8.830200000000000549e-02
1.790000000000000000e+02 2.061516999999999822e+00 8.834599999999999398e-02
1.799900000000000091e+02 2.061560000000000059e+00 8.836099999999999510e-02


# DWBA 
#  theta                   mb/sr   
0.000000000000000000e+00 3.328999999999999928e-03
1.000000000000000000e+00 3.670000000000000085e-03
2.000000000000000000e+00 4.703999999999999848e-03
3.000000000000000000e+00 6.461999999999999862e-03
4.000000000000000000e+00 8.984000000000000666e-03
5.000000000000000000e+00 1.230000000000000017e-02
6.000000000000000000e+00 1.643000000000000016e-02
7.000000000000000000e+00 2.135000000000000092e-02
8.000000000000000000e+00 2.697000000000000092e-02
9.000000000000000000e+00 3.320000000000000034e-02
1.000000000000000000e+01 3.987000000000000266e-02
1.100000000000000000e+01 4.680999999999999744e-02
1.200000000000000000e+01 5.383999999999999897e-02
1.300000000000000000e+01 6.083999999999999825e-02
1.400000000000000000e+01 6.772000000000000242e-02
1.500000000000000000e+01 7.449000000000000066e-02
1.600000000000000000e+01 8.126999999999999502e-02
1.700000000000000000e+01 8.824999999999999512e-02
1.800000000000000000e+01 9.572999999999999565e-02
1.900000000000000000e+01 1.040999999999999981e-01
2.000000000000000000e+01 1.136000000000000065e-01
2.100000000000000000e+01 1.247999999999999943e-01
2.200000000000000000e+01 1.378000000000000058e-01
2.300000000000000000e+01 1.527999999999999914e-01
2.400000000000000000e+01 1.698999999999999955e-01
2.500000000000000000e+01 1.887999999999999956e-01
2.600000000000000000e+01 2.091000000000000081e-01
2.700000000000000000e+01 2.303000000000000047e-01
2.800000000000000000e+01 2.518000000000000238e-01
2.900000000000000000e+01 2.726999999999999980e-01
3.000000000000000000e+01 2.923000000000000043e-01
3.100000000000000000e+01 3.096999999999999753e-01
3.200000000000000000e+01 3.242999999999999772e-01
3.300000000000000000e+01 3.355000000000000204e-01
3.400000000000000000e+01 3.428999999999999826e-01
3.500000000000000000e+01 3.462999999999999967e-01
3.600000000000000000e+01 3.458999999999999853e-01
3.700000000000000000e+01 3.417999999999999927e-01
3.800000000000000000e+01 3.343999999999999750e-01
3.900000000000000000e+01 3.244000000000000217e-01
4.000000000000000000e+01 3.123000000000000220e-01
4.100000000000000000e+01 2.988999999999999990e-01
4.200000000000000000e+01 2.847000000000000086e-01
4.300000000000000000e+01 2.703999999999999737e-01
4.400000000000000000e+01 2.565000000000000058e-01
4.500000000000000000e+01 2.434000000000000052e-01
4.600000000000000000e+01 2.313999999999999946e-01
4.700000000000000000e+01 2.207000000000000073e-01
4.800000000000000000e+01 2.111999999999999988e-01
4.900000000000000000e+01 2.030000000000000138e-01
5.000000000000000000e+01 1.958999999999999908e-01
5.100000000000000000e+01 1.897000000000000075e-01
5.200000000000000000e+01 1.844000000000000083e-01
5.300000000000000000e+01 1.794999999999999929e-01
5.400000000000000000e+01 1.749999999999999889e-01
5.500000000000000000e+01 1.706999999999999906e-01
5.600000000000000000e+01 1.663999999999999924e-01
5.700000000000000000e+01 1.618999999999999884e-01
5.800000000000000000e+01 1.572999999999999954e-01
5.900000000000000000e+01 1.526000000000000134e-01
6.000000000000000000e+01 1.476000000000000090e-01
6.100000000000000000e+01 1.424999999999999878e-01
6.200000000000000000e+01 1.373999999999999944e-01
6.300000000000000000e+01 1.323999999999999899e-01
6.400000000000000000e+01 1.277000000000000079e-01
6.500000000000000000e+01 1.233000000000000068e-01
6.600000000000000000e+01 1.193000000000000033e-01
6.700000000000000000e+01 1.159000000000000030e-01
6.800000000000000000e+01 1.131999999999999951e-01
6.900000000000000000e+01 1.111000000000000043e-01
7.000000000000000000e+01 1.096000000000000030e-01
7.100000000000000000e+01 1.087000000000000050e-01
7.200000000000000000e+01 1.082000000000000045e-01
7.300000000000000000e+01 1.079999999999999988e-01
7.400000000000000000e+01 1.078999999999999959e-01
7.500000000000000000e+01 1.078000000000000069e-01
7.600000000000000000e+01 1.073999999999999955e-01
7.700000000000000000e+01 1.067000000000000032e-01
7.800000000000000000e+01 1.055999999999999994e-01
7.900000000000000000e+01 1.038000000000000034e-01
8.000000000000000000e+01 1.015000000000000069e-01
8.100000000000000000e+01 9.858000000000000096e-02
8.200000000000000000e+01 9.511000000000000010e-02
8.300000000000000000e+01 9.117999999999999716e-02
8.400000000000000000e+01 8.687999999999999889e-02
8.500000000000000000e+01 8.232000000000000428e-02
8.600000000000000000e+01 7.761999999999999456e-02
8.700000000000000000e+01 7.288000000000000034e-02
8.800000000000000000e+01 6.819999999999999674e-02
8.900000000000000000e+01 6.365999999999999437e-02
9.000000000000000000e+01 5.933999999999999692e-02
9.100000000000000000e+01 5.528000000000000275e-02
9.200000000000000000e+01 5.152000000000000329e-02
9.300000000000000000e+01 4.809999999999999692e-02
9.400000000000000000e+01 4.503999999999999670e-02
9.500000000000000000e+01 4.234999999999999876e-02
9.600000000000000000e+01 4.005999999999999839e-02
9.700000000000000000e+01 3.815999999999999948e-02
9.800000000000000000e+01 3.667000000000000121e-02
9.900000000000000000e+01 3.558000000000000052e-02
1.000000000000000000e+02 3.488000000000000128e-02
1.010000000000000000e+02 3.452999999999999819e-02
1.020000000000000000e+02 3.450999999999999901e-02
1.030000000000000000e+02 3.475000000000000311e-02
1.040000000000000000e+02 3.520000000000000212e-02
1.050000000000000000e+02 3.579000000000000237e-02
1.060000000000000000e+02 3.644000000000000017e-02
1.070000000000000000e+02 3.708000000000000185e-02
1.080000000000000000e+02 3.765000000000000291e-02
1.090000000000000000e+02 3.808000000000000274e-02
1.100000000000000000e+02 3.833000000000000296e-02
1.110000000000000000e+02 3.835999999999999827e-02
1.120000000000000000e+02 3.815999999999999948e-02
1.130000000000000000e+02 3.771000000000000046e-02
1.140000000000000000e+02 3.703000000000000042e-02
1.150000000000000000e+02 3.611999999999999933e-02
1.160000000000000000e+02 3.500999999999999945e-02
1.170000000000000000e+02 3.373000000000000304e-02
1.180000000000000000e+02 3.230000000000000232e-02
1.190000000000000000e+02 3.074999999999999956e-02
1.200000000000000000e+02 2.912000000000000005e-02
1.210000000000000000e+02 2.743999999999999911e-02
1.220000000000000000e+02 2.573999999999999899e-02
1.230000000000000000e+02 2.404999999999999846e-02
1.240000000000000000e+02 2.240999999999999936e-02
1.250000000000000000e+02 2.084000000000000088e-02
1.260000000000000000e+02 1.938000000000000139e-02
1.270000000000000000e+02 1.805000000000000007e-02
1.280000000000000000e+02 1.686999999999999958e-02
1.290000000000000000e+02 1.585999999999999910e-02
1.300000000000000000e+02 1.503999999999999955e-02
1.310000000000000000e+02 1.439000000000000001e-02
1.320000000000000000e+02 1.392999999999999967e-02
1.330000000000000000e+02 1.363999999999999935e-02
1.340000000000000000e+02 1.349999999999999985e-02
1.350000000000000000e+02 1.349000000000000025e-02
1.360000000000000000e+02 1.358999999999999965e-02
1.370000000000000000e+02 1.376999999999999925e-02
1.380000000000000000e+02 1.400000000000000029e-02
1.390000000000000000e+02 1.426000000000000011e-02
1.400000000000000000e+02 1.451000000000000033e-02
1.410000000000000000e+02 1.473000000000000004e-02
1.420000000000000000e+02 1.490000000000000005e-02
1.430000000000000000e+02 1.501000000000000077e-02
1.440000000000000000e+02 1.502999999999999996e-02
1.450000000000000000e+02 1.495999999999999934e-02
1.460000000000000000e+02 1.481000000000000025e-02
1.470000000000000000e+02 1.456999999999999962e-02
1.480000000000000000e+02 1.426000000000000011e-02
1.490000000000000000e+02 1.388999999999999957e-02
1.500000000000000000e+02 1.348000000000000066e-02
1.510000000000000000e+02 1.307000000000000002e-02
1.520000000000000000e+02 1.268000000000000030e-02
1.530000000000000000e+02 1.231999999999999935e-02
1.540000000000000000e+02 1.201999999999999943e-02
1.550000000000000000e+02 1.179000000000000013e-02
1.560000000000000000e+02 1.162999999999999971e-02
1.570000000000000000e+02 1.153999999999999991e-02
1.580000000000000000e+02 1.149000000000000021e-02
1.590000000000000000e+02 1.145999999999999970e-02
1.600000000000000000e+02 1.142999999999999919e-02
1.610000000000000000e+02 1.136000000000000031e-02
1.620000000000000000e+02 1.123000000000000040e-02
1.630000000000000000e+02 1.101000000000000069e-02
1.640000000000000000e+02 1.068999999999999985e-02
1.650000000000000000e+02 1.027999999999999921e-02
1.660000000000000000e+02 9.780999999999999764e-03
1.670000000000000000e+02 9.218999999999999764e-03
1.680000000000000000e+02 8.623000000000000456e-03
1.690000000000000000e+02 8.026999999999999413e-03
1.700000000000000000e+02 7.466999999999999679e-03
1.710000000000000000e+02 6.971999999999999899e-03
1.720000000000000000e+02 6.563000000000000257e-03
1.730000000000000000e+02 6.254000000000000010e-03
1.740000000000000000e+02 6.043999999999999893e-03
1.750000000000000000e+02 5.923000000000000313e-03
1.760000000000000000e+02 5.872999999999999748e-03
1.770000000000000000e+02 5.869000000000000085e-03
1.780000000000000000e+02 5.889000000000000137e-03
1.790000000000000000e+02 5.910000000000000323e-03
1.800000000000000000e+02 5.918999999999999782e-03
