#   9  -   2690.1           0  12.5   1
#      8     158.8      100   304      0       0.2    0.8324   0.08537   0.02501   0.02628   0.01595  0.005035  0.005337 2.101e-05  2.26e-05  0.004528
#  10  -   2882.5           0  10.5   1
#      6       881      100   4      0  0.001434    0.8716   0.09608  0.005038  0.003806   0.01809  0.001024 0.0007788 1.358e-06  1.71e-06   0.00359
#  11  -   2905.3           0  -9.5   1
#      7     801.8      100   304      0  0.002012    0.8748   0.09866  0.002672  0.001002   0.01864 0.0005427 0.0002047 3.842e-07 6.546e-07  0.003528
#  12  -   3984.6           0  13.5   1
#      9    1294.5      100   304      0 0.0006155    0.8747   0.09684  0.003116   0.00244   0.01824  0.000633 0.0004994  6.37e-07 1.022e-06  0.003514
#  13  -     4860        4e-8  16.5   1
#     12     875.4      100   7      0   0.00678    0.8468   0.09615   0.02114  0.007563   0.01819  0.004317  0.001555 6.565e-06 3.473e-06  0.004246
