0.000000000000000000e+00 4.575000000000000178e+00
1.000000000000000000e+00 4.573000000000000398e+00
2.000000000000000000e+00 4.572000000000000064e+00
3.000000000000000000e+00 4.575999999999999623e+00
4.000000000000000000e+00 4.592999999999999972e+00
5.000000000000000000e+00 4.633000000000000007e+00
6.000000000000000000e+00 4.700999999999999623e+00
7.000000000000000000e+00 4.799999999999999822e+00
8.000000000000000000e+00 4.924999999999999822e+00
9.000000000000000000e+00 5.068999999999999950e+00
1.000000000000000000e+01 5.214999999999999858e+00
1.100000000000000000e+01 5.344000000000000306e+00
1.200000000000000000e+01 5.434999999999999609e+00
1.300000000000000000e+01 5.467999999999999972e+00
1.400000000000000000e+01 5.426000000000000156e+00
1.500000000000000000e+01 5.299000000000000377e+00
1.600000000000000000e+01 5.084999999999999964e+00
1.700000000000000000e+01 4.786999999999999922e+00
1.800000000000000000e+01 4.418000000000000149e+00
1.900000000000000000e+01 3.999000000000000110e+00
2.000000000000000000e+01 3.552999999999999936e+00
2.100000000000000000e+01 3.107000000000000206e+00
2.200000000000000000e+01 2.686999999999999833e+00
2.300000000000000000e+01 2.315999999999999837e+00
2.400000000000000000e+01 2.012999999999999901e+00
2.500000000000000000e+01 1.790999999999999925e+00
2.600000000000000000e+01 1.655000000000000027e+00
2.700000000000000000e+01 1.602000000000000091e+00
2.800000000000000000e+01 1.625000000000000000e+00
2.900000000000000000e+01 1.709000000000000075e+00
3.000000000000000000e+01 1.836000000000000076e+00
3.100000000000000000e+01 1.985000000000000098e+00
3.200000000000000000e+01 2.136000000000000121e+00
3.300000000000000000e+01 2.269000000000000128e+00
3.400000000000000000e+01 2.369000000000000217e+00
3.500000000000000000e+01 2.424999999999999822e+00
3.600000000000000000e+01 2.430000000000000160e+00
3.700000000000000000e+01 2.380999999999999783e+00
3.800000000000000000e+01 2.282999999999999918e+00
3.900000000000000000e+01 2.144000000000000128e+00
4.000000000000000000e+01 1.971999999999999975e+00
4.100000000000000000e+01 1.780999999999999917e+00
4.200000000000000000e+01 1.582999999999999963e+00
4.300000000000000000e+01 1.391000000000000014e+00
4.400000000000000000e+01 1.213999999999999968e+00
4.500000000000000000e+01 1.060000000000000053e+00
4.600000000000000000e+01 9.360000000000000542e-01
4.700000000000000000e+01 8.433000000000000496e-01
4.800000000000000000e+01 7.819000000000000394e-01
4.900000000000000000e+01 7.496000000000000441e-01
5.000000000000000000e+01 7.419000000000000039e-01
5.100000000000000000e+01 7.533999999999999586e-01
5.200000000000000000e+01 7.779000000000000359e-01
5.300000000000000000e+01 8.094000000000000083e-01
5.400000000000000000e+01 8.418999999999999817e-01
5.500000000000000000e+01 8.705000000000000515e-01
5.600000000000000000e+01 8.911999999999999922e-01
5.700000000000000000e+01 9.012999999999999901e-01
5.800000000000000000e+01 8.991000000000000103e-01
5.900000000000000000e+01 8.840999999999999970e-01
6.000000000000000000e+01 8.569999999999999840e-01
6.100000000000000000e+01 8.188999999999999613e-01
6.200000000000000000e+01 7.719000000000000306e-01
6.300000000000000000e+01 7.183000000000000496e-01
6.400000000000000000e+01 6.605999999999999650e-01
6.500000000000000000e+01 6.012999999999999456e-01
6.600000000000000000e+01 5.425999999999999712e-01
6.700000000000000000e+01 4.868000000000000105e-01
6.800000000000000000e+01 4.354000000000000092e-01
6.900000000000000000e+01 3.896999999999999909e-01
7.000000000000000000e+01 3.506000000000000227e-01
7.100000000000000000e+01 3.184000000000000163e-01
7.200000000000000000e+01 2.931000000000000272e-01
7.300000000000000000e+01 2.742999999999999883e-01
7.400000000000000000e+01 2.615000000000000102e-01
7.500000000000000000e+01 2.538000000000000256e-01
7.600000000000000000e+01 2.501999999999999780e-01
7.700000000000000000e+01 2.497000000000000053e-01
7.800000000000000000e+01 2.513000000000000234e-01
7.900000000000000000e+01 2.539000000000000146e-01
8.000000000000000000e+01 2.565999999999999948e-01
8.100000000000000000e+01 2.587999999999999745e-01
8.200000000000000000e+01 2.597999999999999754e-01
8.300000000000000000e+01 2.590999999999999970e-01
8.400000000000000000e+01 2.564000000000000168e-01
8.500000000000000000e+01 2.515999999999999903e-01
8.600000000000000000e+01 2.447000000000000008e-01
8.700000000000000000e+01 2.358000000000000096e-01
8.800000000000000000e+01 2.252000000000000113e-01
8.900000000000000000e+01 2.132000000000000006e-01
9.000000000000000000e+01 2.001000000000000001e-01
9.100000000000000000e+01 1.862999999999999934e-01
9.200000000000000000e+01 1.723000000000000087e-01
9.300000000000000000e+01 1.584000000000000130e-01
9.400000000000000000e+01 1.451000000000000068e-01
9.500000000000000000e+01 1.325000000000000067e-01
9.600000000000000000e+01 1.209999999999999964e-01
9.700000000000000000e+01 1.107999999999999957e-01
9.800000000000000000e+01 1.019000000000000045e-01
9.900000000000000000e+01 9.454999999999999516e-02
1.000000000000000000e+02 8.859000000000000208e-02
1.010000000000000000e+02 8.404999999999999971e-02
1.020000000000000000e+02 8.083999999999999519e-02
1.030000000000000000e+02 7.882000000000000117e-02
1.040000000000000000e+02 7.785999999999999865e-02
1.050000000000000000e+02 7.775999999999999579e-02
1.060000000000000000e+02 7.832999999999999685e-02
1.070000000000000000e+02 7.935999999999999999e-02
1.080000000000000000e+02 8.060000000000000497e-02
1.090000000000000000e+02 8.185000000000000608e-02
1.100000000000000000e+02 8.287999999999999534e-02
1.110000000000000000e+02 8.351000000000000090e-02
1.120000000000000000e+02 8.358000000000000151e-02
1.130000000000000000e+02 8.298999999999999433e-02
1.140000000000000000e+02 8.167000000000000648e-02
1.150000000000000000e+02 7.964000000000000246e-02
1.160000000000000000e+02 7.692999999999999838e-02
1.170000000000000000e+02 7.364999999999999325e-02
1.180000000000000000e+02 6.990999999999999992e-02
1.190000000000000000e+02 6.585000000000000575e-02
1.200000000000000000e+02 6.162999999999999728e-02
1.210000000000000000e+02 5.736999999999999739e-02
1.220000000000000000e+02 5.319000000000000117e-02
1.230000000000000000e+02 4.920000000000000068e-02
1.240000000000000000e+02 4.547999999999999959e-02
1.250000000000000000e+02 4.206000000000000016e-02
1.260000000000000000e+02 3.899999999999999994e-02
1.270000000000000000e+02 3.633000000000000118e-02
1.280000000000000000e+02 3.406000000000000000e-02
1.290000000000000000e+02 3.221000000000000252e-02
1.300000000000000000e+02 3.079000000000000140e-02
1.310000000000000000e+02 2.979000000000000051e-02
1.320000000000000000e+02 2.921999999999999945e-02
1.330000000000000000e+02 2.903999999999999984e-02
1.340000000000000000e+02 2.920999999999999985e-02
1.350000000000000000e+02 2.968000000000000152e-02
1.360000000000000000e+02 3.039000000000000035e-02
1.370000000000000000e+02 3.124000000000000041e-02
1.380000000000000000e+02 3.216999999999999721e-02
1.390000000000000000e+02 3.309000000000000136e-02
1.400000000000000000e+02 3.393000000000000183e-02
1.410000000000000000e+02 3.465000000000000024e-02
1.420000000000000000e+02 3.520000000000000212e-02
1.430000000000000000e+02 3.554999999999999827e-02
1.440000000000000000e+02 3.570000000000000256e-02
1.450000000000000000e+02 3.565000000000000113e-02
1.460000000000000000e+02 3.540999999999999703e-02
1.470000000000000000e+02 3.500999999999999945e-02
1.480000000000000000e+02 3.445999999999999758e-02
1.490000000000000000e+02 3.377999999999999753e-02
1.500000000000000000e+02 3.298999999999999849e-02
1.510000000000000000e+02 3.212999999999999884e-02
1.520000000000000000e+02 3.121000000000000163e-02
1.530000000000000000e+02 3.026999999999999830e-02
1.540000000000000000e+02 2.931999999999999884e-02
1.550000000000000000e+02 2.840000000000000163e-02
1.560000000000000000e+02 2.753999999999999851e-02
1.570000000000000000e+02 2.674999999999999947e-02
1.580000000000000000e+02 2.606999999999999942e-02
1.590000000000000000e+02 2.551000000000000142e-02
1.600000000000000000e+02 2.510000000000000078e-02
1.610000000000000000e+02 2.484000000000000097e-02
1.620000000000000000e+02 2.476000000000000076e-02
1.630000000000000000e+02 2.484000000000000097e-02
1.640000000000000000e+02 2.510000000000000078e-02
1.650000000000000000e+02 2.554000000000000020e-02
1.660000000000000000e+02 2.613000000000000045e-02
1.670000000000000000e+02 2.684999999999999887e-02
1.680000000000000000e+02 2.767999999999999974e-02
1.690000000000000000e+02 2.859000000000000083e-02
1.700000000000000000e+02 2.952000000000000110e-02
1.710000000000000000e+02 3.045000000000000137e-02
1.720000000000000000e+02 3.132000000000000062e-02
1.730000000000000000e+02 3.212000000000000272e-02
1.740000000000000000e+02 3.280999999999999889e-02
1.750000000000000000e+02 3.339000000000000301e-02
1.760000000000000000e+02 3.384000000000000202e-02
1.770000000000000000e+02 3.418000000000000205e-02
1.780000000000000000e+02 3.441000000000000308e-02
1.790000000000000000e+02 3.454999999999999738e-02
1.800000000000000000e+02 3.459000000000000269e-02
