0.000000000000000000e+00 1.504000000000000059e-01
1.000000000000000000e+00 1.509999999999999953e-01
2.000000000000000000e+00 1.527000000000000024e-01
3.000000000000000000e+00 1.552999999999999936e-01
4.000000000000000000e+00 1.587000000000000077e-01
5.000000000000000000e+00 1.623999999999999888e-01
6.000000000000000000e+00 1.663000000000000034e-01
7.000000000000000000e+00 1.701000000000000012e-01
8.000000000000000000e+00 1.736999999999999933e-01
9.000000000000000000e+00 1.769999999999999907e-01
1.000000000000000000e+01 1.801000000000000101e-01
1.100000000000000000e+01 1.834999999999999964e-01
1.200000000000000000e+01 1.875999999999999890e-01
1.300000000000000000e+01 1.930000000000000049e-01
1.400000000000000000e+01 2.005000000000000115e-01
1.500000000000000000e+01 2.106999999999999984e-01
1.600000000000000000e+01 2.242999999999999994e-01
1.700000000000000000e+01 2.414999999999999925e-01
1.800000000000000000e+01 2.622999999999999776e-01
1.900000000000000000e+01 2.863999999999999879e-01
2.000000000000000000e+01 3.130000000000000004e-01
2.100000000000000000e+01 3.408999999999999808e-01
2.200000000000000000e+01 3.682000000000000273e-01
2.300000000000000000e+01 3.932999999999999829e-01
2.400000000000000000e+01 4.141000000000000236e-01
2.500000000000000000e+01 4.287000000000000255e-01
2.600000000000000000e+01 4.354000000000000092e-01
2.700000000000000000e+01 4.331999999999999740e-01
2.800000000000000000e+01 4.213999999999999968e-01
2.900000000000000000e+01 4.003999999999999782e-01
3.000000000000000000e+01 3.710999999999999854e-01
3.100000000000000000e+01 3.352999999999999869e-01
3.200000000000000000e+01 2.953000000000000069e-01
3.300000000000000000e+01 2.539000000000000146e-01
3.400000000000000000e+01 2.139999999999999958e-01
3.500000000000000000e+01 1.782999999999999863e-01
3.600000000000000000e+01 1.494000000000000050e-01
3.700000000000000000e+01 1.290000000000000036e-01
3.800000000000000000e+01 1.179999999999999938e-01
3.900000000000000000e+01 1.165000000000000063e-01
4.000000000000000000e+01 1.237999999999999934e-01
4.100000000000000000e+01 1.381000000000000005e-01
4.200000000000000000e+01 1.572000000000000064e-01
4.300000000000000000e+01 1.784999999999999920e-01
4.400000000000000000e+01 1.991999999999999882e-01
4.500000000000000000e+01 2.169000000000000095e-01
4.600000000000000000e+01 2.295000000000000095e-01
4.700000000000000000e+01 2.354999999999999871e-01
4.800000000000000000e+01 2.341999999999999915e-01
4.900000000000000000e+01 2.258000000000000007e-01
5.000000000000000000e+01 2.111000000000000099e-01
5.100000000000000000e+01 1.917000000000000093e-01
5.200000000000000000e+01 1.693000000000000060e-01
5.300000000000000000e+01 1.461999999999999966e-01
5.400000000000000000e+01 1.241000000000000020e-01
5.500000000000000000e+01 1.048999999999999932e-01
5.600000000000000000e+01 8.991000000000000381e-02
5.700000000000000000e+01 7.975000000000000144e-02
5.800000000000000000e+01 7.462000000000000577e-02
5.900000000000000000e+01 7.412000000000000532e-02
6.000000000000000000e+01 7.742000000000000270e-02
6.100000000000000000e+01 8.336999999999999966e-02
6.200000000000000000e+01 9.064999999999999447e-02
6.300000000000000000e+01 9.798999999999999377e-02
6.400000000000000000e+01 1.043000000000000038e-01
6.500000000000000000e+01 1.086000000000000021e-01
6.600000000000000000e+01 1.103999999999999981e-01
6.700000000000000000e+01 1.095000000000000001e-01
6.800000000000000000e+01 1.059999999999999970e-01
6.900000000000000000e+01 1.004000000000000031e-01
7.000000000000000000e+01 9.306000000000000383e-02
7.100000000000000000e+01 8.472999999999999976e-02
7.200000000000000000e+01 7.602000000000000424e-02
7.300000000000000000e+01 6.748999999999999444e-02
7.400000000000000000e+01 5.956000000000000183e-02
7.500000000000000000e+01 5.253000000000000030e-02
7.600000000000000000e+01 4.653999999999999804e-02
7.700000000000000000e+01 4.161000000000000115e-02
7.800000000000000000e+01 3.765000000000000291e-02
7.900000000000000000e+01 3.454000000000000126e-02
8.000000000000000000e+01 3.212999999999999884e-02
8.100000000000000000e+01 3.028000000000000136e-02
8.200000000000000000e+01 2.888999999999999901e-02
8.300000000000000000e+01 2.785999999999999935e-02
8.400000000000000000e+01 2.716000000000000011e-02
8.500000000000000000e+01 2.673000000000000029e-02
8.600000000000000000e+01 2.654000000000000109e-02
8.700000000000000000e+01 2.655000000000000068e-02
8.800000000000000000e+01 2.666999999999999926e-02
8.900000000000000000e+01 2.682000000000000009e-02
9.000000000000000000e+01 2.689000000000000071e-02
9.100000000000000000e+01 2.678000000000000172e-02
9.200000000000000000e+01 2.639000000000000026e-02
9.300000000000000000e+01 2.568000000000000144e-02
9.400000000000000000e+01 2.460999999999999993e-02
9.500000000000000000e+01 2.322000000000000106e-02
9.600000000000000000e+01 2.160000000000000114e-02
9.700000000000000000e+01 1.984000000000000000e-02
9.800000000000000000e+01 1.806999999999999926e-02
9.900000000000000000e+01 1.643000000000000016e-02
1.000000000000000000e+02 1.502999999999999996e-02
1.010000000000000000e+02 1.393999999999999927e-02
1.020000000000000000e+02 1.318000000000000074e-02
1.030000000000000000e+02 1.273999999999999959e-02
1.040000000000000000e+02 1.255000000000000039e-02
1.050000000000000000e+02 1.251999999999999988e-02
1.060000000000000000e+02 1.254000000000000080e-02
1.070000000000000000e+02 1.251000000000000029e-02
1.080000000000000000e+02 1.234999999999999987e-02
1.090000000000000000e+02 1.201999999999999943e-02
1.100000000000000000e+02 1.152000000000000073e-02
1.110000000000000000e+02 1.089000000000000037e-02
1.120000000000000000e+02 1.020000000000000073e-02
1.130000000000000000e+02 9.546000000000000665e-03
1.140000000000000000e+02 9.013000000000000178e-03
1.150000000000000000e+02 8.682999999999999746e-03
1.160000000000000000e+02 8.607000000000000067e-03
1.170000000000000000e+02 8.800000000000000530e-03
1.180000000000000000e+02 9.237000000000000419e-03
1.190000000000000000e+02 9.860000000000000708e-03
1.200000000000000000e+02 1.059000000000000045e-02
1.210000000000000000e+02 1.132000000000000020e-02
1.220000000000000000e+02 1.196999999999999974e-02
1.230000000000000000e+02 1.247000000000000018e-02
1.240000000000000000e+02 1.276000000000000051e-02
1.250000000000000000e+02 1.284000000000000072e-02
1.260000000000000000e+02 1.271000000000000081e-02
1.270000000000000000e+02 1.240999999999999916e-02
1.280000000000000000e+02 1.201999999999999943e-02
1.290000000000000000e+02 1.157000000000000042e-02
1.300000000000000000e+02 1.114000000000000060e-02
1.310000000000000000e+02 1.077000000000000006e-02
1.320000000000000000e+02 1.047000000000000014e-02
1.330000000000000000e+02 1.024000000000000084e-02
1.340000000000000000e+02 1.007000000000000083e-02
1.350000000000000000e+02 9.922000000000000264e-03
1.360000000000000000e+02 9.771999999999999437e-03
1.370000000000000000e+02 9.589000000000000301e-03
1.380000000000000000e+02 9.360999999999999530e-03
1.390000000000000000e+02 9.091000000000000122e-03
1.400000000000000000e+02 8.800999999999999795e-03
1.410000000000000000e+02 8.528000000000000858e-03
1.420000000000000000e+02 8.314999999999999475e-03
1.430000000000000000e+02 8.208999999999999284e-03
1.440000000000000000e+02 8.245000000000000592e-03
1.450000000000000000e+02 8.446000000000000382e-03
1.460000000000000000e+02 8.812000000000000388e-03
1.470000000000000000e+02 9.325999999999999221e-03
1.480000000000000000e+02 9.950000000000000511e-03
1.490000000000000000e+02 1.064000000000000015e-02
1.500000000000000000e+02 1.132999999999999979e-02
1.510000000000000000e+02 1.199000000000000066e-02
1.520000000000000000e+02 1.257999999999999917e-02
1.530000000000000000e+02 1.307000000000000002e-02
1.540000000000000000e+02 1.346999999999999933e-02
1.550000000000000000e+02 1.379000000000000017e-02
1.560000000000000000e+02 1.409000000000000009e-02
1.570000000000000000e+02 1.439000000000000001e-02
1.580000000000000000e+02 1.473000000000000004e-02
1.590000000000000000e+02 1.515999999999999986e-02
1.600000000000000000e+02 1.567999999999999949e-02
1.610000000000000000e+02 1.629999999999999852e-02
1.620000000000000000e+02 1.700000000000000122e-02
1.630000000000000000e+02 1.772999999999999923e-02
1.640000000000000000e+02 1.844000000000000153e-02
1.650000000000000000e+02 1.907000000000000015e-02
1.660000000000000000e+02 1.958000000000000018e-02
1.670000000000000000e+02 1.990000000000000102e-02
1.680000000000000000e+02 2.001999999999999960e-02
1.690000000000000000e+02 1.992000000000000021e-02
1.700000000000000000e+02 1.959999999999999937e-02
1.710000000000000000e+02 1.908999999999999933e-02
1.720000000000000000e+02 1.842999999999999847e-02
1.730000000000000000e+02 1.768000000000000127e-02
1.740000000000000000e+02 1.688999999999999876e-02
1.750000000000000000e+02 1.610999999999999932e-02
1.760000000000000000e+02 1.540000000000000049e-02
1.770000000000000000e+02 1.480000000000000066e-02
1.780000000000000000e+02 1.434000000000000032e-02
1.790000000000000000e+02 1.405999999999999958e-02
1.800000000000000000e+02 1.396000000000000019e-02
