0.000000000000000000e+00 2.576000000000000068e+00
1.000000000000000000e+00 2.605999999999999872e+00
2.000000000000000000e+00 2.700000000000000178e+00
3.000000000000000000e+00 2.863999999999999879e+00
4.000000000000000000e+00 3.108000000000000096e+00
5.000000000000000000e+00 3.435999999999999943e+00
6.000000000000000000e+00 3.842000000000000082e+00
7.000000000000000000e+00 4.309000000000000163e+00
8.000000000000000000e+00 4.806000000000000050e+00
9.000000000000000000e+00 5.291999999999999815e+00
1.000000000000000000e+01 5.717999999999999972e+00
1.100000000000000000e+01 6.038999999999999702e+00
1.200000000000000000e+01 6.214999999999999858e+00
1.300000000000000000e+01 6.222000000000000419e+00
1.400000000000000000e+01 6.054000000000000270e+00
1.500000000000000000e+01 5.721000000000000085e+00
1.600000000000000000e+01 5.251999999999999780e+00
1.700000000000000000e+01 4.687999999999999723e+00
1.800000000000000000e+01 4.073999999999999844e+00
1.900000000000000000e+01 3.459999999999999964e+00
2.000000000000000000e+01 2.887000000000000011e+00
2.100000000000000000e+01 2.391000000000000014e+00
2.200000000000000000e+01 1.995999999999999996e+00
2.300000000000000000e+01 1.715000000000000080e+00
2.400000000000000000e+01 1.546999999999999931e+00
2.500000000000000000e+01 1.483999999999999986e+00
2.600000000000000000e+01 1.508999999999999897e+00
2.700000000000000000e+01 1.598000000000000087e+00
2.800000000000000000e+01 1.723999999999999977e+00
2.900000000000000000e+01 1.858999999999999986e+00
3.000000000000000000e+01 1.977999999999999980e+00
3.100000000000000000e+01 2.060000000000000053e+00
3.200000000000000000e+01 2.089999999999999858e+00
3.300000000000000000e+01 2.060000000000000053e+00
3.400000000000000000e+01 1.971999999999999975e+00
3.500000000000000000e+01 1.832999999999999963e+00
3.600000000000000000e+01 1.659000000000000030e+00
3.700000000000000000e+01 1.465000000000000080e+00
3.800000000000000000e+01 1.270000000000000018e+00
3.900000000000000000e+01 1.086999999999999966e+00
4.000000000000000000e+01 9.294999999999999929e-01
4.100000000000000000e+01 8.031000000000000361e-01
4.200000000000000000e+01 7.093000000000000416e-01
4.300000000000000000e+01 6.455999999999999517e-01
4.400000000000000000e+01 6.062999999999999501e-01
4.500000000000000000e+01 5.846000000000000085e-01
4.600000000000000000e+01 5.735999999999999988e-01
4.700000000000000000e+01 5.673000000000000265e-01
4.800000000000000000e+01 5.615999999999999881e-01
4.900000000000000000e+01 5.540000000000000480e-01
5.000000000000000000e+01 5.432000000000000162e-01
5.100000000000000000e+01 5.292999999999999927e-01
5.200000000000000000e+01 5.125999999999999446e-01
5.300000000000000000e+01 4.937000000000000277e-01
5.400000000000000000e+01 4.727999999999999980e-01
5.500000000000000000e+01 4.502999999999999781e-01
5.600000000000000000e+01 4.260999999999999788e-01
5.700000000000000000e+01 4.005000000000000226e-01
5.800000000000000000e+01 3.739000000000000101e-01
5.900000000000000000e+01 3.467000000000000082e-01
6.000000000000000000e+01 3.199000000000000177e-01
6.100000000000000000e+01 2.943999999999999950e-01
6.200000000000000000e+01 2.707999999999999852e-01
6.300000000000000000e+01 2.499000000000000110e-01
6.400000000000000000e+01 2.318000000000000060e-01
6.500000000000000000e+01 2.162999999999999923e-01
6.600000000000000000e+01 2.030000000000000138e-01
6.700000000000000000e+01 1.912999999999999978e-01
6.800000000000000000e+01 1.806999999999999995e-01
6.900000000000000000e+01 1.706999999999999906e-01
7.000000000000000000e+01 1.612000000000000099e-01
7.100000000000000000e+01 1.522000000000000020e-01
7.200000000000000000e+01 1.441999999999999948e-01
7.300000000000000000e+01 1.375000000000000111e-01
7.400000000000000000e+01 1.323999999999999899e-01
7.500000000000000000e+01 1.290999999999999925e-01
7.600000000000000000e+01 1.272000000000000075e-01
7.700000000000000000e+01 1.265999999999999903e-01
7.800000000000000000e+01 1.265000000000000013e-01
7.900000000000000000e+01 1.264000000000000123e-01
8.000000000000000000e+01 1.255000000000000004e-01
8.100000000000000000e+01 1.234999999999999987e-01
8.200000000000000000e+01 1.200999999999999984e-01
8.300000000000000000e+01 1.152999999999999997e-01
8.400000000000000000e+01 1.092999999999999944e-01
8.500000000000000000e+01 1.024000000000000049e-01
8.600000000000000000e+01 9.489999999999999825e-02
8.700000000000000000e+01 8.733000000000000485e-02
8.800000000000000000e+01 7.996000000000000330e-02
8.900000000000000000e+01 7.306999999999999607e-02
9.000000000000000000e+01 6.680999999999999439e-02
9.100000000000000000e+01 6.128999999999999726e-02
9.200000000000000000e+01 5.659000000000000141e-02
9.300000000000000000e+01 5.274999999999999828e-02
9.400000000000000000e+01 4.982000000000000317e-02
9.500000000000000000e+01 4.782999999999999752e-02
9.600000000000000000e+01 4.678000000000000214e-02
9.700000000000000000e+01 4.662999999999999784e-02
9.800000000000000000e+01 4.723999999999999727e-02
9.900000000000000000e+01 4.839999999999999858e-02
1.000000000000000000e+02 4.982000000000000317e-02
1.010000000000000000e+02 5.115999999999999714e-02
1.020000000000000000e+02 5.211999999999999966e-02
1.030000000000000000e+02 5.244000000000000050e-02
1.040000000000000000e+02 5.199000000000000149e-02
1.050000000000000000e+02 5.079000000000000181e-02
1.060000000000000000e+02 4.895999999999999658e-02
1.070000000000000000e+02 4.671000000000000152e-02
1.080000000000000000e+02 4.426999999999999685e-02
1.090000000000000000e+02 4.184000000000000219e-02
1.100000000000000000e+02 3.951999999999999957e-02
1.110000000000000000e+02 3.731000000000000288e-02
1.120000000000000000e+02 3.513999999999999763e-02
1.130000000000000000e+02 3.289000000000000257e-02
1.140000000000000000e+02 3.047000000000000056e-02
1.150000000000000000e+02 2.784999999999999976e-02
1.160000000000000000e+02 2.511999999999999997e-02
1.170000000000000000e+02 2.242999999999999855e-02
1.180000000000000000e+02 2.002999999999999919e-02
1.190000000000000000e+02 1.814999999999999947e-02
1.200000000000000000e+02 1.695999999999999938e-02
1.210000000000000000e+02 1.654999999999999874e-02
1.220000000000000000e+02 1.685999999999999999e-02
1.230000000000000000e+02 1.771000000000000005e-02
1.240000000000000000e+02 1.884999999999999870e-02
1.250000000000000000e+02 1.998000000000000123e-02
1.260000000000000000e+02 2.085000000000000048e-02
1.270000000000000000e+02 2.128000000000000030e-02
1.280000000000000000e+02 2.123999999999999846e-02
1.290000000000000000e+02 2.082000000000000170e-02
1.300000000000000000e+02 2.019999999999999921e-02
1.310000000000000000e+02 1.959999999999999937e-02
1.320000000000000000e+02 1.922000000000000097e-02
1.330000000000000000e+02 1.915999999999999995e-02
1.340000000000000000e+02 1.938000000000000139e-02
1.350000000000000000e+02 1.974000000000000060e-02
1.360000000000000000e+02 1.998000000000000123e-02
1.370000000000000000e+02 1.984999999999999959e-02
1.380000000000000000e+02 1.913000000000000117e-02
1.390000000000000000e+02 1.773999999999999883e-02
1.400000000000000000e+02 1.575999999999999970e-02
1.410000000000000000e+02 1.344000000000000056e-02
1.420000000000000000e+02 1.111000000000000008e-02
1.430000000000000000e+02 9.136999999999999289e-03
1.440000000000000000e+02 7.805999999999999571e-03
1.450000000000000000e+02 7.267000000000000022e-03
1.460000000000000000e+02 7.491000000000000263e-03
1.470000000000000000e+02 8.285999999999999963e-03
1.480000000000000000e+02 9.353999999999999468e-03
1.490000000000000000e+02 1.038000000000000034e-02
1.500000000000000000e+02 1.110000000000000049e-02
1.510000000000000000e+02 1.139000000000000082e-02
1.520000000000000000e+02 1.128000000000000010e-02
1.530000000000000000e+02 1.091999999999999915e-02
1.540000000000000000e+02 1.054000000000000076e-02
1.550000000000000000e+02 1.038999999999999993e-02
1.560000000000000000e+02 1.064000000000000015e-02
1.570000000000000000e+02 1.133999999999999939e-02
1.580000000000000000e+02 1.242000000000000048e-02
1.590000000000000000e+02 1.369000000000000078e-02
1.600000000000000000e+02 1.490000000000000005e-02
1.610000000000000000e+02 1.578999999999999848e-02
1.620000000000000000e+02 1.619999999999999912e-02
1.630000000000000000e+02 1.603999999999999870e-02
1.640000000000000000e+02 1.538999999999999917e-02
1.650000000000000000e+02 1.443000000000000012e-02
1.660000000000000000e+02 1.342999999999999923e-02
1.670000000000000000e+02 1.268000000000000030e-02
1.680000000000000000e+02 1.238000000000000038e-02
1.690000000000000000e+02 1.265999999999999938e-02
1.700000000000000000e+02 1.348000000000000066e-02
1.710000000000000000e+02 1.468000000000000034e-02
1.720000000000000000e+02 1.600000000000000033e-02
1.730000000000000000e+02 1.713999999999999899e-02
1.740000000000000000e+02 1.788000000000000006e-02
1.750000000000000000e+02 1.808999999999999844e-02
1.760000000000000000e+02 1.779999999999999985e-02
1.770000000000000000e+02 1.716000000000000164e-02
1.780000000000000000e+02 1.642000000000000057e-02
1.790000000000000000e+02 1.583999999999999991e-02
1.800000000000000000e+02 1.563000000000000153e-02
