0.000000000000000000e+00 2.295000000000000165e-02
1.000000000000000000e+00 2.307999999999999982e-02
2.000000000000000000e+00 2.343999999999999903e-02
3.000000000000000000e+00 2.403999999999999887e-02
4.000000000000000000e+00 2.486999999999999975e-02
5.000000000000000000e+00 2.589999999999999941e-02
6.000000000000000000e+00 2.713000000000000134e-02
7.000000000000000000e+00 2.852999999999999980e-02
8.000000000000000000e+00 3.007999999999999910e-02
9.000000000000000000e+00 3.175999999999999657e-02
1.000000000000000000e+01 3.352000000000000118e-02
1.100000000000000000e+01 3.534999999999999948e-02
1.200000000000000000e+01 3.722999999999999921e-02
1.300000000000000000e+01 3.910999999999999893e-02
1.400000000000000000e+01 4.098000000000000254e-02
1.500000000000000000e+01 4.284000000000000308e-02
1.600000000000000000e+01 4.465000000000000219e-02
1.700000000000000000e+01 4.642999999999999905e-02
1.800000000000000000e+01 4.816999999999999754e-02
1.900000000000000000e+01 4.989999999999999991e-02
2.000000000000000000e+01 5.163000000000000228e-02
2.100000000000000000e+01 5.340000000000000302e-02
2.200000000000000000e+01 5.525999999999999662e-02
2.300000000000000000e+01 5.723999999999999921e-02
2.400000000000000000e+01 5.940000000000000141e-02
2.500000000000000000e+01 6.180999999999999689e-02
2.600000000000000000e+01 6.450999999999999790e-02
2.700000000000000000e+01 6.754999999999999893e-02
2.800000000000000000e+01 7.098999999999999755e-02
2.900000000000000000e+01 7.484999999999999987e-02
3.000000000000000000e+01 7.917000000000000426e-02
3.100000000000000000e+01 8.393000000000000460e-02
3.200000000000000000e+01 8.913999999999999702e-02
3.300000000000000000e+01 9.475000000000000089e-02
3.400000000000000000e+01 1.006999999999999978e-01
3.500000000000000000e+01 1.069999999999999979e-01
3.600000000000000000e+01 1.134000000000000008e-01
3.700000000000000000e+01 1.199000000000000066e-01
3.800000000000000000e+01 1.264000000000000123e-01
3.900000000000000000e+01 1.327000000000000124e-01
4.000000000000000000e+01 1.386000000000000010e-01
4.100000000000000000e+01 1.441000000000000059e-01
4.200000000000000000e+01 1.489999999999999936e-01
4.300000000000000000e+01 1.531000000000000139e-01
4.400000000000000000e+01 1.564000000000000112e-01
4.500000000000000000e+01 1.587999999999999967e-01
4.600000000000000000e+01 1.602000000000000091e-01
4.700000000000000000e+01 1.605000000000000038e-01
4.800000000000000000e+01 1.597999999999999976e-01
4.900000000000000000e+01 1.580999999999999905e-01
5.000000000000000000e+01 1.554000000000000103e-01
5.100000000000000000e+01 1.517999999999999905e-01
5.200000000000000000e+01 1.474000000000000032e-01
5.300000000000000000e+01 1.423999999999999988e-01
5.400000000000000000e+01 1.368000000000000049e-01
5.500000000000000000e+01 1.308999999999999886e-01
5.600000000000000000e+01 1.247999999999999943e-01
5.700000000000000000e+01 1.185999999999999971e-01
5.800000000000000000e+01 1.126000000000000056e-01
5.900000000000000000e+01 1.068999999999999950e-01
6.000000000000000000e+01 1.015999999999999959e-01
6.100000000000000000e+01 9.682999999999999940e-02
6.200000000000000000e+01 9.266000000000000625e-02
6.300000000000000000e+01 8.916999999999999926e-02
6.400000000000000000e+01 8.640000000000000457e-02
6.500000000000000000e+01 8.434999999999999443e-02
6.600000000000000000e+01 8.301999999999999658e-02
6.700000000000000000e+01 8.235000000000000653e-02
6.800000000000000000e+01 8.229000000000000203e-02
6.900000000000000000e+01 8.275000000000000411e-02
7.000000000000000000e+01 8.365000000000000213e-02
7.100000000000000000e+01 8.488999999999999324e-02
7.200000000000000000e+01 8.634999999999999620e-02
7.300000000000000000e+01 8.792999999999999428e-02
7.400000000000000000e+01 8.952000000000000235e-02
7.500000000000000000e+01 9.102000000000000368e-02
7.600000000000000000e+01 9.235000000000000153e-02
7.700000000000000000e+01 9.342999999999999916e-02
7.800000000000000000e+01 9.421000000000000207e-02
7.900000000000000000e+01 9.461999999999999578e-02
8.000000000000000000e+01 9.464999999999999802e-02
8.100000000000000000e+01 9.427000000000000657e-02
8.200000000000000000e+01 9.347999999999999365e-02
8.300000000000000000e+01 9.229999999999999316e-02
8.400000000000000000e+01 9.074999999999999734e-02
8.500000000000000000e+01 8.885999999999999455e-02
8.600000000000000000e+01 8.666999999999999704e-02
8.700000000000000000e+01 8.422999999999999932e-02
8.800000000000000000e+01 8.157999999999999974e-02
8.900000000000000000e+01 7.878000000000000280e-02
9.000000000000000000e+01 7.588999999999999913e-02
9.100000000000000000e+01 7.292999999999999483e-02
9.200000000000000000e+01 6.998000000000000054e-02
9.300000000000000000e+01 6.704999999999999849e-02
9.400000000000000000e+01 6.421000000000000318e-02
9.500000000000000000e+01 6.146999999999999686e-02
9.600000000000000000e+01 5.886999999999999872e-02
9.700000000000000000e+01 5.643000000000000099e-02
9.800000000000000000e+01 5.417000000000000287e-02
9.900000000000000000e+01 5.210999999999999660e-02
1.000000000000000000e+02 5.023999999999999994e-02
1.010000000000000000e+02 4.857000000000000206e-02
1.020000000000000000e+02 4.710999999999999910e-02
1.030000000000000000e+02 4.585000000000000187e-02
1.040000000000000000e+02 4.479000000000000342e-02
1.050000000000000000e+02 4.390000000000000152e-02
1.060000000000000000e+02 4.318999999999999923e-02
1.070000000000000000e+02 4.261999999999999816e-02
1.080000000000000000e+02 4.220000000000000140e-02
1.090000000000000000e+02 4.188999999999999668e-02
1.100000000000000000e+02 4.168000000000000177e-02
1.110000000000000000e+02 4.154999999999999666e-02
1.120000000000000000e+02 4.148000000000000298e-02
1.130000000000000000e+02 4.143999999999999767e-02
1.140000000000000000e+02 4.141999999999999849e-02
1.150000000000000000e+02 4.139999999999999930e-02
1.160000000000000000e+02 4.136000000000000093e-02
1.170000000000000000e+02 4.127999999999999725e-02
1.180000000000000000e+02 4.116000000000000214e-02
1.190000000000000000e+02 4.098000000000000254e-02
1.200000000000000000e+02 4.073000000000000231e-02
1.210000000000000000e+02 4.041000000000000147e-02
1.220000000000000000e+02 4.002000000000000002e-02
1.230000000000000000e+02 3.955000000000000182e-02
1.240000000000000000e+02 3.899999999999999994e-02
1.250000000000000000e+02 3.837999999999999745e-02
1.260000000000000000e+02 3.769000000000000128e-02
1.270000000000000000e+02 3.694999999999999674e-02
1.280000000000000000e+02 3.613999999999999851e-02
1.290000000000000000e+02 3.529999999999999805e-02
1.300000000000000000e+02 3.441000000000000308e-02
1.310000000000000000e+02 3.348999999999999894e-02
1.320000000000000000e+02 3.255999999999999867e-02
1.330000000000000000e+02 3.160999999999999921e-02
1.340000000000000000e+02 3.065000000000000016e-02
1.350000000000000000e+02 2.969000000000000111e-02
1.360000000000000000e+02 2.874000000000000166e-02
1.370000000000000000e+02 2.779999999999999832e-02
1.380000000000000000e+02 2.688000000000000111e-02
1.390000000000000000e+02 2.597999999999999962e-02
1.400000000000000000e+02 2.510000000000000078e-02
1.410000000000000000e+02 2.424000000000000113e-02
1.420000000000000000e+02 2.341999999999999985e-02
1.430000000000000000e+02 2.263000000000000081e-02
1.440000000000000000e+02 2.188000000000000014e-02
1.450000000000000000e+02 2.116000000000000172e-02
1.460000000000000000e+02 2.049000000000000127e-02
1.470000000000000000e+02 1.985999999999999918e-02
1.480000000000000000e+02 1.926999999999999894e-02
1.490000000000000000e+02 1.873000000000000012e-02
1.500000000000000000e+02 1.823999999999999927e-02
1.510000000000000000e+02 1.780999999999999944e-02
1.520000000000000000e+02 1.742000000000000146e-02
1.530000000000000000e+02 1.708000000000000143e-02
1.540000000000000000e+02 1.679999999999999896e-02
1.550000000000000000e+02 1.657000000000000139e-02
1.560000000000000000e+02 1.637999999999999873e-02
1.570000000000000000e+02 1.624000000000000096e-02
1.580000000000000000e+02 1.615000000000000116e-02
1.590000000000000000e+02 1.609000000000000014e-02
1.600000000000000000e+02 1.608000000000000054e-02
1.610000000000000000e+02 1.609000000000000014e-02
1.620000000000000000e+02 1.614000000000000157e-02
1.630000000000000000e+02 1.619999999999999912e-02
1.640000000000000000e+02 1.628999999999999893e-02
1.650000000000000000e+02 1.640000000000000138e-02
1.660000000000000000e+02 1.651000000000000037e-02
1.670000000000000000e+02 1.663999999999999854e-02
1.680000000000000000e+02 1.676000000000000059e-02
1.690000000000000000e+02 1.688999999999999876e-02
1.700000000000000000e+02 1.702000000000000041e-02
1.710000000000000000e+02 1.713999999999999899e-02
1.720000000000000000e+02 1.725000000000000144e-02
1.730000000000000000e+02 1.735000000000000084e-02
1.740000000000000000e+02 1.745000000000000023e-02
1.750000000000000000e+02 1.753000000000000044e-02
1.760000000000000000e+02 1.759000000000000147e-02
1.770000000000000000e+02 1.764999999999999902e-02
1.780000000000000000e+02 1.768000000000000127e-02
1.790000000000000000e+02 1.771000000000000005e-02
1.800000000000000000e+02 1.771000000000000005e-02
