0.000000000000000000e+00 9.685999999999999943e+00
1.000000000000000000e+00 9.579000000000000625e+00
2.000000000000000000e+00 9.262000000000000455e+00
3.000000000000000000e+00 8.755000000000000782e+00
4.000000000000000000e+00 8.086999999999999744e+00
5.000000000000000000e+00 7.296999999999999709e+00
6.000000000000000000e+00 6.426999999999999602e+00
7.000000000000000000e+00 5.525000000000000355e+00
8.000000000000000000e+00 4.636000000000000121e+00
9.000000000000000000e+00 3.801000000000000156e+00
1.000000000000000000e+01 3.055000000000000160e+00
1.100000000000000000e+01 2.424999999999999822e+00
1.200000000000000000e+01 1.925999999999999934e+00
1.300000000000000000e+01 1.564999999999999947e+00
1.400000000000000000e+01 1.338999999999999968e+00
1.500000000000000000e+01 1.235000000000000098e+00
1.600000000000000000e+01 1.233999999999999986e+00
1.700000000000000000e+01 1.312999999999999945e+00
1.800000000000000000e+01 1.445000000000000062e+00
1.900000000000000000e+01 1.602999999999999980e+00
2.000000000000000000e+01 1.762000000000000011e+00
2.100000000000000000e+01 1.899999999999999911e+00
2.200000000000000000e+01 1.999000000000000110e+00
2.300000000000000000e+01 2.048000000000000043e+00
2.400000000000000000e+01 2.040999999999999925e+00
2.500000000000000000e+01 1.977000000000000091e+00
2.600000000000000000e+01 1.860999999999999988e+00
2.700000000000000000e+01 1.701999999999999957e+00
2.800000000000000000e+01 1.512000000000000011e+00
2.900000000000000000e+01 1.304000000000000048e+00
3.000000000000000000e+01 1.092999999999999972e+00
3.100000000000000000e+01 8.921999999999999931e-01
3.200000000000000000e+01 7.140999999999999570e-01
3.300000000000000000e+01 5.685999999999999943e-01
3.400000000000000000e+01 4.625000000000000222e-01
3.500000000000000000e+01 3.996999999999999997e-01
3.600000000000000000e+01 3.806999999999999829e-01
3.700000000000000000e+01 4.028999999999999804e-01
3.800000000000000000e+01 4.612999999999999878e-01
3.900000000000000000e+01 5.487999999999999545e-01
4.000000000000000000e+01 6.569000000000000394e-01
4.100000000000000000e+01 7.763999999999999790e-01
4.200000000000000000e+01 8.980000000000000204e-01
4.300000000000000000e+01 1.012999999999999901e+00
4.400000000000000000e+01 1.114999999999999991e+00
4.500000000000000000e+01 1.195999999999999952e+00
4.600000000000000000e+01 1.254000000000000004e+00
4.700000000000000000e+01 1.284000000000000030e+00
4.800000000000000000e+01 1.288000000000000034e+00
4.900000000000000000e+01 1.264999999999999902e+00
5.000000000000000000e+01 1.217999999999999972e+00
5.100000000000000000e+01 1.151000000000000023e+00
5.200000000000000000e+01 1.066999999999999948e+00
5.300000000000000000e+01 9.707999999999999963e-01
5.400000000000000000e+01 8.675000000000000488e-01
5.500000000000000000e+01 7.613999999999999657e-01
5.600000000000000000e+01 6.565999999999999615e-01
5.700000000000000000e+01 5.566999999999999726e-01
5.800000000000000000e+01 4.646000000000000130e-01
5.900000000000000000e+01 3.826999999999999846e-01
6.000000000000000000e+01 3.123000000000000220e-01
6.100000000000000000e+01 2.544000000000000150e-01
6.200000000000000000e+01 2.091000000000000081e-01
6.300000000000000000e+01 1.761000000000000065e-01
6.400000000000000000e+01 1.547999999999999932e-01
6.500000000000000000e+01 1.439000000000000001e-01
6.600000000000000000e+01 1.421999999999999931e-01
6.700000000000000000e+01 1.479999999999999927e-01
6.800000000000000000e+01 1.597999999999999976e-01
6.900000000000000000e+01 1.759999999999999898e-01
7.000000000000000000e+01 1.950000000000000067e-01
7.100000000000000000e+01 2.152000000000000024e-01
7.200000000000000000e+01 2.354999999999999871e-01
7.300000000000000000e+01 2.545999999999999930e-01
7.400000000000000000e+01 2.713999999999999746e-01
7.500000000000000000e+01 2.852999999999999980e-01
7.600000000000000000e+01 2.957000000000000184e-01
7.700000000000000000e+01 3.019999999999999907e-01
7.800000000000000000e+01 3.042000000000000259e-01
7.900000000000000000e+01 3.023000000000000131e-01
8.000000000000000000e+01 2.962000000000000188e-01
8.100000000000000000e+01 2.864999999999999769e-01
8.200000000000000000e+01 2.733999999999999764e-01
8.300000000000000000e+01 2.574000000000000177e-01
8.400000000000000000e+01 2.391999999999999960e-01
8.500000000000000000e+01 2.192999999999999949e-01
8.600000000000000000e+01 1.985000000000000098e-01
8.700000000000000000e+01 1.771999999999999964e-01
8.800000000000000000e+01 1.562000000000000055e-01
8.900000000000000000e+01 1.358999999999999930e-01
9.000000000000000000e+01 1.169000000000000039e-01
9.100000000000000000e+01 9.954000000000000348e-02
9.200000000000000000e+01 8.419000000000000095e-02
9.300000000000000000e+01 7.106999999999999429e-02
9.400000000000000000e+01 6.031999999999999862e-02
9.500000000000000000e+01 5.199999999999999761e-02
9.600000000000000000e+01 4.606999999999999984e-02
9.700000000000000000e+01 4.243999999999999856e-02
9.800000000000000000e+01 4.093000000000000110e-02
9.900000000000000000e+01 4.132999999999999868e-02
1.000000000000000000e+02 4.338000000000000189e-02
1.010000000000000000e+02 4.680000000000000132e-02
1.020000000000000000e+02 5.127999999999999919e-02
1.030000000000000000e+02 5.652000000000000079e-02
1.040000000000000000e+02 6.221999999999999753e-02
1.050000000000000000e+02 6.809999999999999387e-02
1.060000000000000000e+02 7.388999999999999735e-02
1.070000000000000000e+02 7.935999999999999999e-02
1.080000000000000000e+02 8.430999999999999606e-02
1.090000000000000000e+02 8.855000000000000371e-02
1.100000000000000000e+02 9.196000000000000008e-02
1.110000000000000000e+02 9.442000000000000393e-02
1.120000000000000000e+02 9.586999999999999689e-02
1.130000000000000000e+02 9.626999999999999447e-02
1.140000000000000000e+02 9.561999999999999666e-02
1.150000000000000000e+02 9.395000000000000573e-02
1.160000000000000000e+02 9.130000000000000615e-02
1.170000000000000000e+02 8.777000000000000079e-02
1.180000000000000000e+02 8.344000000000000028e-02
1.190000000000000000e+02 7.845000000000000584e-02
1.200000000000000000e+02 7.294000000000000483e-02
1.210000000000000000e+02 6.704000000000000237e-02
1.220000000000000000e+02 6.090999999999999887e-02
1.230000000000000000e+02 5.471000000000000169e-02
1.240000000000000000e+02 4.859000000000000125e-02
1.250000000000000000e+02 4.268000000000000266e-02
1.260000000000000000e+02 3.713000000000000328e-02
1.270000000000000000e+02 3.203000000000000291e-02
1.280000000000000000e+02 2.749000000000000055e-02
1.290000000000000000e+02 2.356000000000000108e-02
1.300000000000000000e+02 2.029999999999999860e-02
1.310000000000000000e+02 1.771999999999999964e-02
1.320000000000000000e+02 1.583000000000000032e-02
1.330000000000000000e+02 1.460000000000000013e-02
1.340000000000000000e+02 1.400000000000000029e-02
1.350000000000000000e+02 1.397999999999999937e-02
1.360000000000000000e+02 1.447000000000000022e-02
1.370000000000000000e+02 1.541000000000000009e-02
1.380000000000000000e+02 1.671999999999999875e-02
1.390000000000000000e+02 1.831999999999999948e-02
1.400000000000000000e+02 2.015000000000000124e-02
1.410000000000000000e+02 2.211000000000000118e-02
1.420000000000000000e+02 2.415000000000000133e-02
1.430000000000000000e+02 2.619000000000000147e-02
1.440000000000000000e+02 2.816000000000000100e-02
1.450000000000000000e+02 2.998999999999999930e-02
1.460000000000000000e+02 3.164000000000000146e-02
1.470000000000000000e+02 3.302999999999999686e-02
1.480000000000000000e+02 3.413999999999999674e-02
1.490000000000000000e+02 3.491999999999999965e-02
1.500000000000000000e+02 3.533000000000000029e-02
1.510000000000000000e+02 3.536999999999999866e-02
1.520000000000000000e+02 3.502999999999999864e-02
1.530000000000000000e+02 3.432000000000000328e-02
1.540000000000000000e+02 3.325000000000000178e-02
1.550000000000000000e+02 3.185999999999999943e-02
1.560000000000000000e+02 3.019000000000000156e-02
1.570000000000000000e+02 2.829999999999999877e-02
1.580000000000000000e+02 2.624999999999999903e-02
1.590000000000000000e+02 2.409000000000000030e-02
1.600000000000000000e+02 2.188999999999999974e-02
1.610000000000000000e+02 1.969999999999999876e-02
1.620000000000000000e+02 1.756999999999999881e-02
1.630000000000000000e+02 1.555999999999999918e-02
1.640000000000000000e+02 1.367999999999999945e-02
1.650000000000000000e+02 1.196000000000000014e-02
1.660000000000000000e+02 1.041000000000000085e-02
1.670000000000000000e+02 9.034000000000000363e-03
1.680000000000000000e+02 7.823000000000000093e-03
1.690000000000000000e+02 6.766999999999999578e-03
1.700000000000000000e+02 5.852000000000000431e-03
1.710000000000000000e+02 5.061999999999999660e-03
1.720000000000000000e+02 4.383999999999999876e-03
1.730000000000000000e+02 3.804000000000000090e-03
1.740000000000000000e+02 3.312999999999999973e-03
1.750000000000000000e+02 2.902000000000000066e-03
1.760000000000000000e+02 2.569000000000000103e-03
1.770000000000000000e+02 2.309999999999999987e-03
1.780000000000000000e+02 2.124000000000000020e-03
1.790000000000000000e+02 2.013000000000000032e-03
1.800000000000000000e+02 1.975000000000000193e-03
