0.000000000000000000e+00 3.328999999999999928e-03
1.000000000000000000e+00 3.670000000000000085e-03
2.000000000000000000e+00 4.703999999999999848e-03
3.000000000000000000e+00 6.461999999999999862e-03
4.000000000000000000e+00 8.984000000000000666e-03
5.000000000000000000e+00 1.230000000000000017e-02
6.000000000000000000e+00 1.643000000000000016e-02
7.000000000000000000e+00 2.135000000000000092e-02
8.000000000000000000e+00 2.697000000000000092e-02
9.000000000000000000e+00 3.320000000000000034e-02
1.000000000000000000e+01 3.987000000000000266e-02
1.100000000000000000e+01 4.680999999999999744e-02
1.200000000000000000e+01 5.383999999999999897e-02
1.300000000000000000e+01 6.083999999999999825e-02
1.400000000000000000e+01 6.772000000000000242e-02
1.500000000000000000e+01 7.449000000000000066e-02
1.600000000000000000e+01 8.126999999999999502e-02
1.700000000000000000e+01 8.824999999999999512e-02
1.800000000000000000e+01 9.572999999999999565e-02
1.900000000000000000e+01 1.040999999999999981e-01
2.000000000000000000e+01 1.136000000000000065e-01
2.100000000000000000e+01 1.247999999999999943e-01
2.200000000000000000e+01 1.378000000000000058e-01
2.300000000000000000e+01 1.527999999999999914e-01
2.400000000000000000e+01 1.698999999999999955e-01
2.500000000000000000e+01 1.887999999999999956e-01
2.600000000000000000e+01 2.091000000000000081e-01
2.700000000000000000e+01 2.303000000000000047e-01
2.800000000000000000e+01 2.518000000000000238e-01
2.900000000000000000e+01 2.726999999999999980e-01
3.000000000000000000e+01 2.923000000000000043e-01
3.100000000000000000e+01 3.096999999999999753e-01
3.200000000000000000e+01 3.242999999999999772e-01
3.300000000000000000e+01 3.355000000000000204e-01
3.400000000000000000e+01 3.428999999999999826e-01
3.500000000000000000e+01 3.462999999999999967e-01
3.600000000000000000e+01 3.458999999999999853e-01
3.700000000000000000e+01 3.417999999999999927e-01
3.800000000000000000e+01 3.343999999999999750e-01
3.900000000000000000e+01 3.244000000000000217e-01
4.000000000000000000e+01 3.123000000000000220e-01
4.100000000000000000e+01 2.988999999999999990e-01
4.200000000000000000e+01 2.847000000000000086e-01
4.300000000000000000e+01 2.703999999999999737e-01
4.400000000000000000e+01 2.565000000000000058e-01
4.500000000000000000e+01 2.434000000000000052e-01
4.600000000000000000e+01 2.313999999999999946e-01
4.700000000000000000e+01 2.207000000000000073e-01
4.800000000000000000e+01 2.111999999999999988e-01
4.900000000000000000e+01 2.030000000000000138e-01
5.000000000000000000e+01 1.958999999999999908e-01
5.100000000000000000e+01 1.897000000000000075e-01
5.200000000000000000e+01 1.844000000000000083e-01
5.300000000000000000e+01 1.794999999999999929e-01
5.400000000000000000e+01 1.749999999999999889e-01
5.500000000000000000e+01 1.706999999999999906e-01
5.600000000000000000e+01 1.663999999999999924e-01
5.700000000000000000e+01 1.618999999999999884e-01
5.800000000000000000e+01 1.572999999999999954e-01
5.900000000000000000e+01 1.526000000000000134e-01
6.000000000000000000e+01 1.476000000000000090e-01
6.100000000000000000e+01 1.424999999999999878e-01
6.200000000000000000e+01 1.373999999999999944e-01
6.300000000000000000e+01 1.323999999999999899e-01
6.400000000000000000e+01 1.277000000000000079e-01
6.500000000000000000e+01 1.233000000000000068e-01
6.600000000000000000e+01 1.193000000000000033e-01
6.700000000000000000e+01 1.159000000000000030e-01
6.800000000000000000e+01 1.131999999999999951e-01
6.900000000000000000e+01 1.111000000000000043e-01
7.000000000000000000e+01 1.096000000000000030e-01
7.100000000000000000e+01 1.087000000000000050e-01
7.200000000000000000e+01 1.082000000000000045e-01
7.300000000000000000e+01 1.079999999999999988e-01
7.400000000000000000e+01 1.078999999999999959e-01
7.500000000000000000e+01 1.078000000000000069e-01
7.600000000000000000e+01 1.073999999999999955e-01
7.700000000000000000e+01 1.067000000000000032e-01
7.800000000000000000e+01 1.055999999999999994e-01
7.900000000000000000e+01 1.038000000000000034e-01
8.000000000000000000e+01 1.015000000000000069e-01
8.100000000000000000e+01 9.858000000000000096e-02
8.200000000000000000e+01 9.511000000000000010e-02
8.300000000000000000e+01 9.117999999999999716e-02
8.400000000000000000e+01 8.687999999999999889e-02
8.500000000000000000e+01 8.232000000000000428e-02
8.600000000000000000e+01 7.761999999999999456e-02
8.700000000000000000e+01 7.288000000000000034e-02
8.800000000000000000e+01 6.819999999999999674e-02
8.900000000000000000e+01 6.365999999999999437e-02
9.000000000000000000e+01 5.933999999999999692e-02
9.100000000000000000e+01 5.528000000000000275e-02
9.200000000000000000e+01 5.152000000000000329e-02
9.300000000000000000e+01 4.809999999999999692e-02
9.400000000000000000e+01 4.503999999999999670e-02
9.500000000000000000e+01 4.234999999999999876e-02
9.600000000000000000e+01 4.005999999999999839e-02
9.700000000000000000e+01 3.815999999999999948e-02
9.800000000000000000e+01 3.667000000000000121e-02
9.900000000000000000e+01 3.558000000000000052e-02
1.000000000000000000e+02 3.488000000000000128e-02
1.010000000000000000e+02 3.452999999999999819e-02
1.020000000000000000e+02 3.450999999999999901e-02
1.030000000000000000e+02 3.475000000000000311e-02
1.040000000000000000e+02 3.520000000000000212e-02
1.050000000000000000e+02 3.579000000000000237e-02
1.060000000000000000e+02 3.644000000000000017e-02
1.070000000000000000e+02 3.708000000000000185e-02
1.080000000000000000e+02 3.765000000000000291e-02
1.090000000000000000e+02 3.808000000000000274e-02
1.100000000000000000e+02 3.833000000000000296e-02
1.110000000000000000e+02 3.835999999999999827e-02
1.120000000000000000e+02 3.815999999999999948e-02
1.130000000000000000e+02 3.771000000000000046e-02
1.140000000000000000e+02 3.703000000000000042e-02
1.150000000000000000e+02 3.611999999999999933e-02
1.160000000000000000e+02 3.500999999999999945e-02
1.170000000000000000e+02 3.373000000000000304e-02
1.180000000000000000e+02 3.230000000000000232e-02
1.190000000000000000e+02 3.074999999999999956e-02
1.200000000000000000e+02 2.912000000000000005e-02
1.210000000000000000e+02 2.743999999999999911e-02
1.220000000000000000e+02 2.573999999999999899e-02
1.230000000000000000e+02 2.404999999999999846e-02
1.240000000000000000e+02 2.240999999999999936e-02
1.250000000000000000e+02 2.084000000000000088e-02
1.260000000000000000e+02 1.938000000000000139e-02
1.270000000000000000e+02 1.805000000000000007e-02
1.280000000000000000e+02 1.686999999999999958e-02
1.290000000000000000e+02 1.585999999999999910e-02
1.300000000000000000e+02 1.503999999999999955e-02
1.310000000000000000e+02 1.439000000000000001e-02
1.320000000000000000e+02 1.392999999999999967e-02
1.330000000000000000e+02 1.363999999999999935e-02
1.340000000000000000e+02 1.349999999999999985e-02
1.350000000000000000e+02 1.349000000000000025e-02
1.360000000000000000e+02 1.358999999999999965e-02
1.370000000000000000e+02 1.376999999999999925e-02
1.380000000000000000e+02 1.400000000000000029e-02
1.390000000000000000e+02 1.426000000000000011e-02
1.400000000000000000e+02 1.451000000000000033e-02
1.410000000000000000e+02 1.473000000000000004e-02
1.420000000000000000e+02 1.490000000000000005e-02
1.430000000000000000e+02 1.501000000000000077e-02
1.440000000000000000e+02 1.502999999999999996e-02
1.450000000000000000e+02 1.495999999999999934e-02
1.460000000000000000e+02 1.481000000000000025e-02
1.470000000000000000e+02 1.456999999999999962e-02
1.480000000000000000e+02 1.426000000000000011e-02
1.490000000000000000e+02 1.388999999999999957e-02
1.500000000000000000e+02 1.348000000000000066e-02
1.510000000000000000e+02 1.307000000000000002e-02
1.520000000000000000e+02 1.268000000000000030e-02
1.530000000000000000e+02 1.231999999999999935e-02
1.540000000000000000e+02 1.201999999999999943e-02
1.550000000000000000e+02 1.179000000000000013e-02
1.560000000000000000e+02 1.162999999999999971e-02
1.570000000000000000e+02 1.153999999999999991e-02
1.580000000000000000e+02 1.149000000000000021e-02
1.590000000000000000e+02 1.145999999999999970e-02
1.600000000000000000e+02 1.142999999999999919e-02
1.610000000000000000e+02 1.136000000000000031e-02
1.620000000000000000e+02 1.123000000000000040e-02
1.630000000000000000e+02 1.101000000000000069e-02
1.640000000000000000e+02 1.068999999999999985e-02
1.650000000000000000e+02 1.027999999999999921e-02
1.660000000000000000e+02 9.780999999999999764e-03
1.670000000000000000e+02 9.218999999999999764e-03
1.680000000000000000e+02 8.623000000000000456e-03
1.690000000000000000e+02 8.026999999999999413e-03
1.700000000000000000e+02 7.466999999999999679e-03
1.710000000000000000e+02 6.971999999999999899e-03
1.720000000000000000e+02 6.563000000000000257e-03
1.730000000000000000e+02 6.254000000000000010e-03
1.740000000000000000e+02 6.043999999999999893e-03
1.750000000000000000e+02 5.923000000000000313e-03
1.760000000000000000e+02 5.872999999999999748e-03
1.770000000000000000e+02 5.869000000000000085e-03
1.780000000000000000e+02 5.889000000000000137e-03
1.790000000000000000e+02 5.910000000000000323e-03
1.800000000000000000e+02 5.918999999999999782e-03
