0.000000000000000000e+00 3.982000000000000123e-02
1.000000000000000000e+00 3.994999999999999940e-02
2.000000000000000000e+00 4.032999999999999780e-02
3.000000000000000000e+00 4.096000000000000335e-02
4.000000000000000000e+00 4.182000000000000300e-02
5.000000000000000000e+00 4.290999999999999676e-02
6.000000000000000000e+00 4.419000000000000011e-02
7.000000000000000000e+00 4.565999999999999920e-02
8.000000000000000000e+00 4.726999999999999952e-02
9.000000000000000000e+00 4.900000000000000189e-02
1.000000000000000000e+01 5.081000000000000100e-02
1.100000000000000000e+01 5.265999999999999848e-02
1.200000000000000000e+01 5.451000000000000290e-02
1.300000000000000000e+01 5.632000000000000201e-02
1.400000000000000000e+01 5.804999999999999744e-02
1.500000000000000000e+01 5.965999999999999776e-02
1.600000000000000000e+01 6.112000000000000072e-02
1.700000000000000000e+01 6.239999999999999714e-02
1.800000000000000000e+01 6.346999999999999864e-02
1.900000000000000000e+01 6.432000000000000217e-02
2.000000000000000000e+01 6.494999999999999385e-02
2.100000000000000000e+01 6.536999999999999755e-02
2.200000000000000000e+01 6.558999999999999553e-02
2.300000000000000000e+01 6.564000000000000390e-02
2.400000000000000000e+01 6.555999999999999328e-02
2.500000000000000000e+01 6.539000000000000368e-02
2.600000000000000000e+01 6.518000000000000183e-02
2.700000000000000000e+01 6.497999999999999610e-02
2.800000000000000000e+01 6.485000000000000486e-02
2.900000000000000000e+01 6.483999999999999486e-02
3.000000000000000000e+01 6.500000000000000222e-02
3.100000000000000000e+01 6.536999999999999755e-02
3.200000000000000000e+01 6.597000000000000086e-02
3.300000000000000000e+01 6.683000000000000052e-02
3.400000000000000000e+01 6.794000000000000039e-02
3.500000000000000000e+01 6.930000000000000049e-02
3.600000000000000000e+01 7.087999999999999856e-02
3.700000000000000000e+01 7.263000000000000012e-02
3.800000000000000000e+01 7.449000000000000066e-02
3.900000000000000000e+01 7.642000000000000182e-02
4.000000000000000000e+01 7.832000000000000073e-02
4.100000000000000000e+01 8.011999999999999678e-02
4.200000000000000000e+01 8.173999999999999322e-02
4.300000000000000000e+01 8.311000000000000332e-02
4.400000000000000000e+01 8.414000000000000645e-02
4.500000000000000000e+01 8.476999999999999813e-02
4.600000000000000000e+01 8.497000000000000386e-02
4.700000000000000000e+01 8.468000000000000527e-02
4.800000000000000000e+01 8.389000000000000623e-02
4.900000000000000000e+01 8.261000000000000287e-02
5.000000000000000000e+01 8.085000000000000520e-02
5.100000000000000000e+01 7.864000000000000157e-02
5.200000000000000000e+01 7.605000000000000648e-02
5.300000000000000000e+01 7.313000000000000056e-02
5.400000000000000000e+01 6.995999999999999441e-02
5.500000000000000000e+01 6.662999999999999479e-02
5.600000000000000000e+01 6.322999999999999454e-02
5.700000000000000000e+01 5.985000000000000042e-02
5.800000000000000000e+01 5.657999999999999835e-02
5.900000000000000000e+01 5.349000000000000282e-02
6.000000000000000000e+01 5.065000000000000058e-02
6.100000000000000000e+01 4.812999999999999917e-02
6.200000000000000000e+01 4.596000000000000085e-02
6.300000000000000000e+01 4.417999999999999705e-02
6.400000000000000000e+01 4.279000000000000165e-02
6.500000000000000000e+01 4.179000000000000076e-02
6.600000000000000000e+01 4.116000000000000214e-02
6.700000000000000000e+01 4.087999999999999967e-02
6.800000000000000000e+01 4.089000000000000273e-02
6.900000000000000000e+01 4.114000000000000296e-02
7.000000000000000000e+01 4.157999999999999891e-02
7.100000000000000000e+01 4.214999999999999997e-02
7.200000000000000000e+01 4.279000000000000165e-02
7.300000000000000000e+01 4.343999999999999945e-02
7.400000000000000000e+01 4.404999999999999888e-02
7.500000000000000000e+01 4.456000000000000238e-02
7.600000000000000000e+01 4.494999999999999690e-02
7.700000000000000000e+01 4.517000000000000182e-02
7.800000000000000000e+01 4.521000000000000019e-02
7.900000000000000000e+01 4.504999999999999977e-02
8.000000000000000000e+01 4.469000000000000056e-02
8.100000000000000000e+01 4.413999999999999868e-02
8.200000000000000000e+01 4.340999999999999720e-02
8.300000000000000000e+01 4.250999999999999918e-02
8.400000000000000000e+01 4.145999999999999686e-02
8.500000000000000000e+01 4.028999999999999942e-02
8.600000000000000000e+01 3.901999999999999913e-02
8.700000000000000000e+01 3.767999999999999822e-02
8.800000000000000000e+01 3.629000000000000281e-02
8.900000000000000000e+01 3.488999999999999740e-02
9.000000000000000000e+01 3.348000000000000281e-02
9.100000000000000000e+01 3.209000000000000047e-02
9.200000000000000000e+01 3.073999999999999996e-02
9.300000000000000000e+01 2.944000000000000089e-02
9.400000000000000000e+01 2.818999999999999978e-02
9.500000000000000000e+01 2.700999999999999929e-02
9.600000000000000000e+01 2.590999999999999900e-02
9.700000000000000000e+01 2.488999999999999893e-02
9.800000000000000000e+01 2.394999999999999907e-02
9.900000000000000000e+01 2.308999999999999941e-02
1.000000000000000000e+02 2.230999999999999997e-02
1.010000000000000000e+02 2.162000000000000033e-02
1.020000000000000000e+02 2.101000000000000090e-02
1.030000000000000000e+02 2.046999999999999861e-02
1.040000000000000000e+02 2.001999999999999960e-02
1.050000000000000000e+02 1.963000000000000161e-02
1.060000000000000000e+02 1.931000000000000077e-02
1.070000000000000000e+02 1.906000000000000055e-02
1.080000000000000000e+02 1.885999999999999829e-02
1.090000000000000000e+02 1.871000000000000094e-02
1.100000000000000000e+02 1.859999999999999848e-02
1.110000000000000000e+02 1.851999999999999827e-02
1.120000000000000000e+02 1.846000000000000071e-02
1.130000000000000000e+02 1.841999999999999887e-02
1.140000000000000000e+02 1.838000000000000050e-02
1.150000000000000000e+02 1.832999999999999907e-02
1.160000000000000000e+02 1.827000000000000152e-02
1.170000000000000000e+02 1.819000000000000131e-02
1.180000000000000000e+02 1.807999999999999885e-02
1.190000000000000000e+02 1.794000000000000108e-02
1.200000000000000000e+02 1.776000000000000148e-02
1.210000000000000000e+02 1.754000000000000004e-02
1.220000000000000000e+02 1.728000000000000022e-02
1.230000000000000000e+02 1.697999999999999857e-02
1.240000000000000000e+02 1.665000000000000160e-02
1.250000000000000000e+02 1.628999999999999893e-02
1.260000000000000000e+02 1.589000000000000135e-02
1.270000000000000000e+02 1.548000000000000070e-02
1.280000000000000000e+02 1.503999999999999955e-02
1.290000000000000000e+02 1.459000000000000054e-02
1.300000000000000000e+02 1.413999999999999979e-02
1.310000000000000000e+02 1.367999999999999945e-02
1.320000000000000000e+02 1.322000000000000085e-02
1.330000000000000000e+02 1.276000000000000051e-02
1.340000000000000000e+02 1.230999999999999976e-02
1.350000000000000000e+02 1.187999999999999994e-02
1.360000000000000000e+02 1.145000000000000011e-02
1.370000000000000000e+02 1.103999999999999947e-02
1.380000000000000000e+02 1.064000000000000015e-02
1.390000000000000000e+02 1.026000000000000002e-02
1.400000000000000000e+02 9.886000000000000690e-03
1.410000000000000000e+02 9.534000000000000807e-03
1.420000000000000000e+02 9.197000000000000314e-03
1.430000000000000000e+02 8.878999999999999740e-03
1.440000000000000000e+02 8.580000000000000820e-03
1.450000000000000000e+02 8.302000000000000351e-03
1.460000000000000000e+02 8.047000000000000333e-03
1.470000000000000000e+02 7.815000000000000765e-03
1.480000000000000000e+02 7.609999999999999577e-03
1.490000000000000000e+02 7.433999999999999636e-03
1.500000000000000000e+02 7.287000000000000074e-03
1.510000000000000000e+02 7.171000000000000291e-03
1.520000000000000000e+02 7.087999999999999683e-03
1.530000000000000000e+02 7.037999999999999985e-03
1.540000000000000000e+02 7.020000000000000198e-03
1.550000000000000000e+02 7.033000000000000189e-03
1.560000000000000000e+02 7.078000000000000090e-03
1.570000000000000000e+02 7.150000000000000105e-03
1.580000000000000000e+02 7.249000000000000235e-03
1.590000000000000000e+02 7.369999999999999815e-03
1.600000000000000000e+02 7.510000000000000182e-03
1.610000000000000000e+02 7.666000000000000071e-03
1.620000000000000000e+02 7.834000000000000685e-03
1.630000000000000000e+02 8.009000000000000494e-03
1.640000000000000000e+02 8.189000000000000098e-03
1.650000000000000000e+02 8.368999999999999703e-03
1.660000000000000000e+02 8.547000000000000777e-03
1.670000000000000000e+02 8.718999999999999320e-03
1.680000000000000000e+02 8.883000000000000271e-03
1.690000000000000000e+02 9.036000000000000629e-03
1.700000000000000000e+02 9.178000000000000394e-03
1.710000000000000000e+02 9.306999999999999301e-03
1.720000000000000000e+02 9.423000000000000820e-03
1.730000000000000000e+02 9.525000000000000480e-03
1.740000000000000000e+02 9.612000000000000752e-03
1.750000000000000000e+02 9.684999999999999165e-03
1.760000000000000000e+02 9.743999999999999190e-03
1.770000000000000000e+02 9.790000000000000091e-03
1.780000000000000000e+02 9.823000000000000134e-03
1.790000000000000000e+02 9.842000000000000054e-03
1.800000000000000000e+02 9.848000000000000850e-03
