0.000000000000000000e+00 1.096000000000000085e+01
1.000000000000000000e+00 1.075999999999999979e+01
2.000000000000000000e+00 1.019999999999999929e+01
3.000000000000000000e+00 9.305999999999999162e+00
4.000000000000000000e+00 8.160999999999999588e+00
5.000000000000000000e+00 6.852999999999999758e+00
6.000000000000000000e+00 5.482000000000000206e+00
7.000000000000000000e+00 4.145999999999999908e+00
8.000000000000000000e+00 2.935999999999999943e+00
9.000000000000000000e+00 1.921999999999999931e+00
1.000000000000000000e+01 1.153999999999999915e+00
1.100000000000000000e+01 6.544999999999999707e-01
1.200000000000000000e+01 4.222000000000000197e-01
1.300000000000000000e+01 4.319999999999999951e-01
1.400000000000000000e+01 6.412999999999999812e-01
1.500000000000000000e+01 9.950999999999999845e-01
1.600000000000000000e+01 1.433000000000000052e+00
1.700000000000000000e+01 1.893999999999999906e+00
1.800000000000000000e+01 2.326000000000000068e+00
1.900000000000000000e+01 2.684000000000000163e+00
2.000000000000000000e+01 2.936999999999999833e+00
2.100000000000000000e+01 3.068999999999999950e+00
2.200000000000000000e+01 3.075000000000000178e+00
2.300000000000000000e+01 2.966000000000000192e+00
2.400000000000000000e+01 2.758000000000000007e+00
2.500000000000000000e+01 2.475999999999999979e+00
2.600000000000000000e+01 2.146999999999999797e+00
2.700000000000000000e+01 1.798000000000000043e+00
2.800000000000000000e+01 1.455999999999999961e+00
2.900000000000000000e+01 1.141000000000000014e+00
3.000000000000000000e+01 8.698000000000000176e-01
3.100000000000000000e+01 6.512999999999999901e-01
3.200000000000000000e+01 4.900999999999999801e-01
3.300000000000000000e+01 3.851999999999999869e-01
3.400000000000000000e+01 3.315000000000000169e-01
3.500000000000000000e+01 3.212999999999999745e-01
3.600000000000000000e+01 3.448999999999999844e-01
3.700000000000000000e+01 3.921999999999999931e-01
3.800000000000000000e+01 4.536000000000000032e-01
3.900000000000000000e+01 5.205999999999999517e-01
4.000000000000000000e+01 5.862000000000000544e-01
4.100000000000000000e+01 6.451000000000000068e-01
4.200000000000000000e+01 6.937999999999999723e-01
4.300000000000000000e+01 7.300999999999999712e-01
4.400000000000000000e+01 7.533999999999999586e-01
4.500000000000000000e+01 7.635999999999999455e-01
4.600000000000000000e+01 7.616000000000000547e-01
4.700000000000000000e+01 7.483999999999999542e-01
4.800000000000000000e+01 7.252999999999999448e-01
4.900000000000000000e+01 6.937999999999999723e-01
5.000000000000000000e+01 6.552000000000000046e-01
5.100000000000000000e+01 6.110999999999999766e-01
5.200000000000000000e+01 5.626999999999999780e-01
5.300000000000000000e+01 5.113999999999999657e-01
5.400000000000000000e+01 4.586999999999999966e-01
5.500000000000000000e+01 4.057999999999999940e-01
5.600000000000000000e+01 3.543000000000000038e-01
5.700000000000000000e+01 3.052000000000000268e-01
5.800000000000000000e+01 2.599000000000000199e-01
5.900000000000000000e+01 2.194000000000000117e-01
6.000000000000000000e+01 1.844999999999999973e-01
6.100000000000000000e+01 1.557000000000000051e-01
6.200000000000000000e+01 1.333999999999999908e-01
6.300000000000000000e+01 1.176999999999999991e-01
6.400000000000000000e+01 1.081000000000000016e-01
6.500000000000000000e+01 1.044000000000000067e-01
6.600000000000000000e+01 1.054999999999999966e-01
6.700000000000000000e+01 1.107999999999999957e-01
6.800000000000000000e+01 1.189999999999999947e-01
6.900000000000000000e+01 1.290000000000000036e-01
7.000000000000000000e+01 1.398000000000000076e-01
7.100000000000000000e+01 1.502999999999999892e-01
7.200000000000000000e+01 1.595000000000000029e-01
7.300000000000000000e+01 1.666999999999999871e-01
7.400000000000000000e+01 1.713000000000000078e-01
7.500000000000000000e+01 1.728999999999999981e-01
7.600000000000000000e+01 1.713000000000000078e-01
7.700000000000000000e+01 1.665000000000000091e-01
7.800000000000000000e+01 1.589000000000000135e-01
7.900000000000000000e+01 1.486999999999999988e-01
8.000000000000000000e+01 1.365000000000000102e-01
8.100000000000000000e+01 1.228999999999999954e-01
8.200000000000000000e+01 1.083999999999999964e-01
8.300000000000000000e+01 9.364999999999999714e-02
8.400000000000000000e+01 7.931000000000000549e-02
8.500000000000000000e+01 6.586999999999999800e-02
8.600000000000000000e+01 5.376000000000000223e-02
8.700000000000000000e+01 4.333999999999999658e-02
8.800000000000000000e+01 3.482999999999999985e-02
8.900000000000000000e+01 2.836999999999999938e-02
9.000000000000000000e+01 2.399000000000000091e-02
9.100000000000000000e+01 2.161000000000000074e-02
9.200000000000000000e+01 2.109000000000000111e-02
9.300000000000000000e+01 2.220000000000000098e-02
9.400000000000000000e+01 2.467000000000000096e-02
9.500000000000000000e+01 2.818000000000000019e-02
9.600000000000000000e+01 3.241000000000000131e-02
9.700000000000000000e+01 3.703000000000000042e-02
9.800000000000000000e+01 4.172000000000000014e-02
9.900000000000000000e+01 4.619000000000000189e-02
1.000000000000000000e+02 5.016999999999999932e-02
1.010000000000000000e+02 5.346999999999999670e-02
1.020000000000000000e+02 5.591000000000000136e-02
1.030000000000000000e+02 5.738999999999999657e-02
1.040000000000000000e+02 5.786000000000000171e-02
1.050000000000000000e+02 5.732000000000000289e-02
1.060000000000000000e+02 5.580999999999999850e-02
1.070000000000000000e+02 5.342000000000000220e-02
1.080000000000000000e+02 5.027000000000000218e-02
1.090000000000000000e+02 4.651000000000000273e-02
1.100000000000000000e+02 4.229999999999999732e-02
1.110000000000000000e+02 3.780000000000000027e-02
1.120000000000000000e+02 3.320000000000000034e-02
1.130000000000000000e+02 2.864999999999999838e-02
1.140000000000000000e+02 2.428999999999999909e-02
1.150000000000000000e+02 2.025000000000000064e-02
1.160000000000000000e+02 1.662999999999999895e-02
1.170000000000000000e+02 1.352000000000000077e-02
1.180000000000000000e+02 1.094999999999999966e-02
1.190000000000000000e+02 8.952999999999999153e-03
1.200000000000000000e+02 7.525999999999999704e-03
1.210000000000000000e+02 6.642999999999999600e-03
1.220000000000000000e+02 6.257999999999999674e-03
1.230000000000000000e+02 6.311999999999999902e-03
1.240000000000000000e+02 6.734000000000000402e-03
1.250000000000000000e+02 7.445000000000000229e-03
1.260000000000000000e+02 8.366999999999999438e-03
1.270000000000000000e+02 9.419999999999999554e-03
1.280000000000000000e+02 1.052999999999999943e-02
1.290000000000000000e+02 1.163999999999999931e-02
1.300000000000000000e+02 1.268999999999999989e-02
1.310000000000000000e+02 1.362000000000000016e-02
1.320000000000000000e+02 1.442000000000000053e-02
1.330000000000000000e+02 1.504999999999999914e-02
1.340000000000000000e+02 1.549999999999999989e-02
1.350000000000000000e+02 1.575999999999999970e-02
1.360000000000000000e+02 1.583000000000000032e-02
1.370000000000000000e+02 1.573000000000000093e-02
1.380000000000000000e+02 1.544000000000000060e-02
1.390000000000000000e+02 1.499999999999999944e-02
1.400000000000000000e+02 1.440999999999999920e-02
1.410000000000000000e+02 1.370000000000000037e-02
1.420000000000000000e+02 1.288000000000000082e-02
1.430000000000000000e+02 1.197999999999999933e-02
1.440000000000000000e+02 1.101000000000000069e-02
1.450000000000000000e+02 9.990999999999999881e-03
1.460000000000000000e+02 8.952999999999999153e-03
1.470000000000000000e+02 7.915999999999999426e-03
1.480000000000000000e+02 6.899999999999999883e-03
1.490000000000000000e+02 5.926999999999999977e-03
1.500000000000000000e+02 5.015999999999999626e-03
1.510000000000000000e+02 4.190000000000000148e-03
1.520000000000000000e+02 3.465000000000000198e-03
1.530000000000000000e+02 2.860000000000000129e-03
1.540000000000000000e+02 2.392000000000000029e-03
1.550000000000000000e+02 2.076000000000000154e-03
1.560000000000000000e+02 1.923000000000000013e-03
1.570000000000000000e+02 1.944999999999999897e-03
1.580000000000000000e+02 2.148000000000000170e-03
1.590000000000000000e+02 2.533999999999999794e-03
1.600000000000000000e+02 3.101000000000000024e-03
1.610000000000000000e+02 3.841999999999999929e-03
1.620000000000000000e+02 4.745000000000000086e-03
1.630000000000000000e+02 5.793999999999999671e-03
1.640000000000000000e+02 6.967000000000000103e-03
1.650000000000000000e+02 8.240000000000000796e-03
1.660000000000000000e+02 9.584999999999999770e-03
1.670000000000000000e+02 1.097000000000000058e-02
1.680000000000000000e+02 1.237000000000000079e-02
1.690000000000000000e+02 1.375999999999999966e-02
1.700000000000000000e+02 1.511000000000000017e-02
1.710000000000000000e+02 1.637999999999999873e-02
1.720000000000000000e+02 1.756999999999999881e-02
1.730000000000000000e+02 1.865999999999999950e-02
1.740000000000000000e+02 1.961999999999999855e-02
1.750000000000000000e+02 2.044999999999999943e-02
1.760000000000000000e+02 2.113999999999999907e-02
1.770000000000000000e+02 2.168000000000000135e-02
1.780000000000000000e+02 2.206999999999999934e-02
1.790000000000000000e+02 2.230999999999999997e-02
1.800000000000000000e+02 2.239000000000000018e-02
