0.000000000000000000e+00 2.278999999999999915e+00
1.000000000000000000e+00 2.262999999999999901e+00
2.000000000000000000e+00 2.218999999999999861e+00
3.000000000000000000e+00 2.152000000000000135e+00
4.000000000000000000e+00 2.072000000000000064e+00
5.000000000000000000e+00 1.989000000000000101e+00
6.000000000000000000e+00 1.917000000000000037e+00
7.000000000000000000e+00 1.866999999999999993e+00
8.000000000000000000e+00 1.848999999999999977e+00
9.000000000000000000e+00 1.870000000000000107e+00
1.000000000000000000e+01 1.933999999999999941e+00
1.100000000000000000e+01 2.039000000000000146e+00
1.200000000000000000e+01 2.180000000000000160e+00
1.300000000000000000e+01 2.349000000000000199e+00
1.400000000000000000e+01 2.533999999999999808e+00
1.500000000000000000e+01 2.721999999999999975e+00
1.600000000000000000e+01 2.899999999999999911e+00
1.700000000000000000e+01 3.056000000000000050e+00
1.800000000000000000e+01 3.177000000000000046e+00
1.900000000000000000e+01 3.257000000000000117e+00
2.000000000000000000e+01 3.290000000000000036e+00
2.100000000000000000e+01 3.274999999999999911e+00
2.200000000000000000e+01 3.213999999999999968e+00
2.300000000000000000e+01 3.112000000000000099e+00
2.400000000000000000e+01 2.976999999999999869e+00
2.500000000000000000e+01 2.818999999999999950e+00
2.600000000000000000e+01 2.648000000000000131e+00
2.700000000000000000e+01 2.471999999999999975e+00
2.800000000000000000e+01 2.302999999999999936e+00
2.900000000000000000e+01 2.145999999999999908e+00
3.000000000000000000e+01 2.008999999999999897e+00
3.100000000000000000e+01 1.893999999999999906e+00
3.200000000000000000e+01 1.802999999999999936e+00
3.300000000000000000e+01 1.735000000000000098e+00
3.400000000000000000e+01 1.687000000000000055e+00
3.500000000000000000e+01 1.655000000000000027e+00
3.600000000000000000e+01 1.635000000000000009e+00
3.700000000000000000e+01 1.620000000000000107e+00
3.800000000000000000e+01 1.604999999999999982e+00
3.900000000000000000e+01 1.586999999999999966e+00
4.000000000000000000e+01 1.562000000000000055e+00
4.100000000000000000e+01 1.526000000000000023e+00
4.200000000000000000e+01 1.479000000000000092e+00
4.300000000000000000e+01 1.421000000000000041e+00
4.400000000000000000e+01 1.354000000000000092e+00
4.500000000000000000e+01 1.280000000000000027e+00
4.600000000000000000e+01 1.201000000000000068e+00
4.700000000000000000e+01 1.122999999999999998e+00
4.800000000000000000e+01 1.046999999999999931e+00
4.900000000000000000e+01 9.784000000000000474e-01
5.000000000000000000e+01 9.191000000000000281e-01
5.100000000000000000e+01 8.715000000000000524e-01
5.200000000000000000e+01 8.366999999999999993e-01
5.300000000000000000e+01 8.152000000000000357e-01
5.400000000000000000e+01 8.063000000000000167e-01
5.500000000000000000e+01 8.085999999999999854e-01
5.600000000000000000e+01 8.198999999999999622e-01
5.700000000000000000e+01 8.377000000000000002e-01
5.800000000000000000e+01 8.589999999999999858e-01
5.900000000000000000e+01 8.808000000000000274e-01
6.000000000000000000e+01 9.001000000000000112e-01
6.100000000000000000e+01 9.143999999999999906e-01
6.200000000000000000e+01 9.214999999999999858e-01
6.300000000000000000e+01 9.199000000000000510e-01
6.400000000000000000e+01 9.086999999999999522e-01
6.500000000000000000e+01 8.875999999999999446e-01
6.600000000000000000e+01 8.568000000000000060e-01
6.700000000000000000e+01 8.174000000000000155e-01
6.800000000000000000e+01 7.707000000000000517e-01
6.900000000000000000e+01 7.181999999999999496e-01
7.000000000000000000e+01 6.621000000000000218e-01
7.100000000000000000e+01 6.042999999999999483e-01
7.200000000000000000e+01 5.466999999999999638e-01
7.300000000000000000e+01 4.913000000000000145e-01
7.400000000000000000e+01 4.398000000000000242e-01
7.500000000000000000e+01 3.934000000000000274e-01
7.600000000000000000e+01 3.531000000000000250e-01
7.700000000000000000e+01 3.196999999999999842e-01
7.800000000000000000e+01 2.933999999999999941e-01
7.900000000000000000e+01 2.741000000000000103e-01
8.000000000000000000e+01 2.615000000000000102e-01
8.100000000000000000e+01 2.550000000000000044e-01
8.200000000000000000e+01 2.538000000000000256e-01
8.300000000000000000e+01 2.569000000000000172e-01
8.400000000000000000e+01 2.631000000000000005e-01
8.500000000000000000e+01 2.716000000000000081e-01
8.600000000000000000e+01 2.812000000000000055e-01
8.700000000000000000e+01 2.908999999999999919e-01
8.800000000000000000e+01 2.999999999999999889e-01
8.900000000000000000e+01 3.074999999999999956e-01
9.000000000000000000e+01 3.130999999999999894e-01
9.100000000000000000e+01 3.160999999999999921e-01
9.200000000000000000e+01 3.164000000000000146e-01
9.300000000000000000e+01 3.138000000000000234e-01
9.400000000000000000e+01 3.084000000000000075e-01
9.500000000000000000e+01 3.002000000000000224e-01
9.600000000000000000e+01 2.896000000000000241e-01
9.700000000000000000e+01 2.767999999999999905e-01
9.800000000000000000e+01 2.622999999999999776e-01
9.900000000000000000e+01 2.464000000000000079e-01
1.000000000000000000e+02 2.296999999999999875e-01
1.010000000000000000e+02 2.126000000000000112e-01
1.020000000000000000e+02 1.955000000000000071e-01
1.030000000000000000e+02 1.789999999999999925e-01
1.040000000000000000e+02 1.632000000000000117e-01
1.050000000000000000e+02 1.486000000000000099e-01
1.060000000000000000e+02 1.355000000000000093e-01
1.070000000000000000e+02 1.238999999999999962e-01
1.080000000000000000e+02 1.140999999999999931e-01
1.090000000000000000e+02 1.060999999999999999e-01
1.100000000000000000e+02 9.993000000000000493e-02
1.110000000000000000e+02 9.546999999999999931e-02
1.120000000000000000e+02 9.261999999999999400e-02
1.130000000000000000e+02 9.120999999999999941e-02
1.140000000000000000e+02 9.103999999999999593e-02
1.150000000000000000e+02 9.188999999999999946e-02
1.160000000000000000e+02 9.352000000000000590e-02
1.170000000000000000e+02 9.568000000000000116e-02
1.180000000000000000e+02 9.814000000000000501e-02
1.190000000000000000e+02 1.006999999999999978e-01
1.200000000000000000e+02 1.030999999999999972e-01
1.210000000000000000e+02 1.052000000000000018e-01
1.220000000000000000e+02 1.068999999999999950e-01
1.230000000000000000e+02 1.081000000000000016e-01
1.240000000000000000e+02 1.087000000000000050e-01
1.250000000000000000e+02 1.086000000000000021e-01
1.260000000000000000e+02 1.078000000000000069e-01
1.270000000000000000e+02 1.063999999999999946e-01
1.280000000000000000e+02 1.044000000000000067e-01
1.290000000000000000e+02 1.018000000000000016e-01
1.300000000000000000e+02 9.875000000000000444e-02
1.310000000000000000e+02 9.522999999999999521e-02
1.320000000000000000e+02 9.135999999999999677e-02
1.330000000000000000e+02 8.720999999999999586e-02
1.340000000000000000e+02 8.286999999999999922e-02
1.350000000000000000e+02 7.842000000000000359e-02
1.360000000000000000e+02 7.394000000000000572e-02
1.370000000000000000e+02 6.950000000000000622e-02
1.380000000000000000e+02 6.518000000000000183e-02
1.390000000000000000e+02 6.103999999999999704e-02
1.400000000000000000e+02 5.714999999999999941e-02
1.410000000000000000e+02 5.356999999999999956e-02
1.420000000000000000e+02 5.032999999999999974e-02
1.430000000000000000e+02 4.746999999999999831e-02
1.440000000000000000e+02 4.503000000000000058e-02
1.450000000000000000e+02 4.300999999999999962e-02
1.460000000000000000e+02 4.141000000000000236e-02
1.470000000000000000e+02 4.023999999999999799e-02
1.480000000000000000e+02 3.946999999999999814e-02
1.490000000000000000e+02 3.905999999999999750e-02
1.500000000000000000e+02 3.898999999999999688e-02
1.510000000000000000e+02 3.921000000000000180e-02
1.520000000000000000e+02 3.966999999999999693e-02
1.530000000000000000e+02 4.032000000000000167e-02
1.540000000000000000e+02 4.111000000000000071e-02
1.550000000000000000e+02 4.200000000000000261e-02
1.560000000000000000e+02 4.293999999999999900e-02
1.570000000000000000e+02 4.386999999999999927e-02
1.580000000000000000e+02 4.476999999999999730e-02
1.590000000000000000e+02 4.558000000000000246e-02
1.600000000000000000e+02 4.628999999999999782e-02
1.610000000000000000e+02 4.685999999999999888e-02
1.620000000000000000e+02 4.726000000000000340e-02
1.630000000000000000e+02 4.746999999999999831e-02
1.640000000000000000e+02 4.746999999999999831e-02
1.650000000000000000e+02 4.725000000000000033e-02
1.660000000000000000e+02 4.680999999999999744e-02
1.670000000000000000e+02 4.614000000000000046e-02
1.680000000000000000e+02 4.526000000000000162e-02
1.690000000000000000e+02 4.419000000000000011e-02
1.700000000000000000e+02 4.295000000000000207e-02
1.710000000000000000e+02 4.159000000000000197e-02
1.720000000000000000e+02 4.016000000000000125e-02
1.730000000000000000e+02 3.869000000000000217e-02
1.740000000000000000e+02 3.726999999999999758e-02
1.750000000000000000e+02 3.592999999999999666e-02
1.760000000000000000e+02 3.474000000000000005e-02
1.770000000000000000e+02 3.375999999999999834e-02
1.780000000000000000e+02 3.302000000000000074e-02
1.790000000000000000e+02 3.257000000000000173e-02
1.800000000000000000e+02 3.241000000000000131e-02
