0.000000000000000000e+00 2.198999999999999844e+00
1.000000000000000000e+00 2.198999999999999844e+00
2.000000000000000000e+00 2.198999999999999844e+00
3.000000000000000000e+00 2.204000000000000181e+00
4.000000000000000000e+00 2.217000000000000082e+00
5.000000000000000000e+00 2.245999999999999996e+00
6.000000000000000000e+00 2.291999999999999815e+00
7.000000000000000000e+00 2.359999999999999876e+00
8.000000000000000000e+00 2.446000000000000174e+00
9.000000000000000000e+00 2.545999999999999819e+00
1.000000000000000000e+01 2.650999999999999801e+00
1.100000000000000000e+01 2.750000000000000000e+00
1.200000000000000000e+01 2.830999999999999961e+00
1.300000000000000000e+01 2.880999999999999783e+00
1.400000000000000000e+01 2.888999999999999790e+00
1.500000000000000000e+01 2.847999999999999865e+00
1.600000000000000000e+01 2.755999999999999783e+00
1.700000000000000000e+01 2.612999999999999989e+00
1.800000000000000000e+01 2.426000000000000156e+00
1.900000000000000000e+01 2.205999999999999961e+00
2.000000000000000000e+01 1.967000000000000082e+00
2.100000000000000000e+01 1.721999999999999975e+00
2.200000000000000000e+01 1.487999999999999989e+00
2.300000000000000000e+01 1.278000000000000025e+00
2.400000000000000000e+01 1.104000000000000092e+00
2.500000000000000000e+01 9.724000000000000421e-01
2.600000000000000000e+01 8.881999999999999895e-01
2.700000000000000000e+01 8.504000000000000448e-01
2.800000000000000000e+01 8.548999999999999932e-01
2.900000000000000000e+01 8.941000000000000059e-01
3.000000000000000000e+01 9.583000000000000407e-01
3.100000000000000000e+01 1.036999999999999922e+00
3.200000000000000000e+01 1.116999999999999993e+00
3.300000000000000000e+01 1.191000000000000059e+00
3.400000000000000000e+01 1.247000000000000108e+00
3.500000000000000000e+01 1.280999999999999917e+00
3.600000000000000000e+01 1.286999999999999922e+00
3.700000000000000000e+01 1.266000000000000014e+00
3.800000000000000000e+01 1.217000000000000082e+00
3.900000000000000000e+01 1.145000000000000018e+00
4.000000000000000000e+01 1.054999999999999938e+00
4.100000000000000000e+01 9.526000000000000023e-01
4.200000000000000000e+01 8.450999999999999623e-01
4.300000000000000000e+01 7.386000000000000343e-01
4.400000000000000000e+01 6.389000000000000234e-01
4.500000000000000000e+01 5.504999999999999893e-01
4.600000000000000000e+01 4.767000000000000126e-01
4.700000000000000000e+01 4.190999999999999726e-01
4.800000000000000000e+01 3.780999999999999917e-01
4.900000000000000000e+01 3.529999999999999805e-01
5.000000000000000000e+01 3.417999999999999927e-01
5.100000000000000000e+01 3.420000000000000262e-01
5.200000000000000000e+01 3.506000000000000227e-01
5.300000000000000000e+01 3.647000000000000242e-01
5.400000000000000000e+01 3.811999999999999833e-01
5.500000000000000000e+01 3.975000000000000200e-01
5.600000000000000000e+01 4.114999999999999769e-01
5.700000000000000000e+01 4.215999999999999748e-01
5.800000000000000000e+01 4.264999999999999902e-01
5.900000000000000000e+01 4.258000000000000118e-01
6.000000000000000000e+01 4.193000000000000060e-01
6.100000000000000000e+01 4.072999999999999954e-01
6.200000000000000000e+01 3.905000000000000138e-01
6.300000000000000000e+01 3.695999999999999841e-01
6.400000000000000000e+01 3.456000000000000183e-01
6.500000000000000000e+01 3.195999999999999952e-01
6.600000000000000000e+01 2.926000000000000267e-01
6.700000000000000000e+01 2.654000000000000248e-01
6.800000000000000000e+01 2.389000000000000012e-01
6.900000000000000000e+01 2.137999999999999901e-01
7.000000000000000000e+01 1.907000000000000084e-01
7.100000000000000000e+01 1.698999999999999955e-01
7.200000000000000000e+01 1.517999999999999905e-01
7.300000000000000000e+01 1.363999999999999935e-01
7.400000000000000000e+01 1.237000000000000044e-01
7.500000000000000000e+01 1.136999999999999955e-01
7.600000000000000000e+01 1.060999999999999999e-01
7.700000000000000000e+01 1.006999999999999978e-01
7.800000000000000000e+01 9.732000000000000373e-02
7.900000000000000000e+01 9.551999999999999380e-02
8.000000000000000000e+01 9.503000000000000336e-02
8.100000000000000000e+01 9.553000000000000380e-02
8.200000000000000000e+01 9.669999999999999429e-02
8.300000000000000000e+01 9.826000000000000012e-02
8.400000000000000000e+01 9.994000000000000106e-02
8.500000000000000000e+01 1.015000000000000069e-01
8.600000000000000000e+01 1.026999999999999996e-01
8.700000000000000000e+01 1.034999999999999948e-01
8.800000000000000000e+01 1.035999999999999976e-01
8.900000000000000000e+01 1.029000000000000054e-01
9.000000000000000000e+01 1.015000000000000069e-01
9.100000000000000000e+01 9.915999999999999814e-02
9.200000000000000000e+01 9.600999999999999812e-02
9.300000000000000000e+01 9.206999999999999906e-02
9.400000000000000000e+01 8.738999999999999546e-02
9.500000000000000000e+01 8.210000000000000631e-02
9.600000000000000000e+01 7.632999999999999508e-02
9.700000000000000000e+01 7.023000000000000076e-02
9.800000000000000000e+01 6.399000000000000521e-02
9.900000000000000000e+01 5.777999999999999803e-02
1.000000000000000000e+02 5.177999999999999964e-02
1.010000000000000000e+02 4.614999999999999658e-02
1.020000000000000000e+02 4.105000000000000315e-02
1.030000000000000000e+02 3.658000000000000140e-02
1.040000000000000000e+02 3.284000000000000113e-02
1.050000000000000000e+02 2.985000000000000153e-02
1.060000000000000000e+02 2.762999999999999831e-02
1.070000000000000000e+02 2.614999999999999963e-02
1.080000000000000000e+02 2.535000000000000100e-02
1.090000000000000000e+02 2.514999999999999875e-02
1.100000000000000000e+02 2.545000000000000040e-02
1.110000000000000000e+02 2.614000000000000004e-02
1.120000000000000000e+02 2.710999999999999868e-02
1.130000000000000000e+02 2.826000000000000040e-02
1.140000000000000000e+02 2.948999999999999885e-02
1.150000000000000000e+02 3.071000000000000119e-02
1.160000000000000000e+02 3.182999999999999718e-02
1.170000000000000000e+02 3.280000000000000276e-02
1.180000000000000000e+02 3.354000000000000037e-02
1.190000000000000000e+02 3.402000000000000163e-02
1.200000000000000000e+02 3.420000000000000123e-02
1.210000000000000000e+02 3.404000000000000081e-02
1.220000000000000000e+02 3.355000000000000343e-02
1.230000000000000000e+02 3.271999999999999909e-02
1.240000000000000000e+02 3.157000000000000084e-02
1.250000000000000000e+02 3.014999999999999972e-02
1.260000000000000000e+02 2.849000000000000143e-02
1.270000000000000000e+02 2.666999999999999926e-02
1.280000000000000000e+02 2.474000000000000157e-02
1.290000000000000000e+02 2.278000000000000164e-02
1.300000000000000000e+02 2.086000000000000007e-02
1.310000000000000000e+02 1.904000000000000137e-02
1.320000000000000000e+02 1.735000000000000084e-02
1.330000000000000000e+02 1.584999999999999951e-02
1.340000000000000000e+02 1.454000000000000084e-02
1.350000000000000000e+02 1.342999999999999923e-02
1.360000000000000000e+02 1.254000000000000080e-02
1.370000000000000000e+02 1.184999999999999942e-02
1.380000000000000000e+02 1.135000000000000071e-02
1.390000000000000000e+02 1.105000000000000079e-02
1.400000000000000000e+02 1.094000000000000007e-02
1.410000000000000000e+02 1.101000000000000069e-02
1.420000000000000000e+02 1.125999999999999918e-02
1.430000000000000000e+02 1.170000000000000033e-02
1.440000000000000000e+02 1.229000000000000058e-02
1.450000000000000000e+02 1.302000000000000032e-02
1.460000000000000000e+02 1.386000000000000079e-02
1.470000000000000000e+02 1.476000000000000055e-02
1.480000000000000000e+02 1.567999999999999949e-02
1.490000000000000000e+02 1.657000000000000139e-02
1.500000000000000000e+02 1.738999999999999921e-02
1.510000000000000000e+02 1.811000000000000110e-02
1.520000000000000000e+02 1.868999999999999828e-02
1.530000000000000000e+02 1.913000000000000117e-02
1.540000000000000000e+02 1.942999999999999935e-02
1.550000000000000000e+02 1.961999999999999855e-02
1.560000000000000000e+02 1.970999999999999835e-02
1.570000000000000000e+02 1.973000000000000101e-02
1.580000000000000000e+02 1.968999999999999917e-02
1.590000000000000000e+02 1.959999999999999937e-02
1.600000000000000000e+02 1.946000000000000160e-02
1.610000000000000000e+02 1.924999999999999975e-02
1.620000000000000000e+02 1.893999999999999850e-02
1.630000000000000000e+02 1.849999999999999908e-02
1.640000000000000000e+02 1.788999999999999965e-02
1.650000000000000000e+02 1.711000000000000021e-02
1.660000000000000000e+02 1.612999999999999851e-02
1.670000000000000000e+02 1.498000000000000026e-02
1.680000000000000000e+02 1.369000000000000078e-02
1.690000000000000000e+02 1.230000000000000017e-02
1.700000000000000000e+02 1.086999999999999945e-02
1.710000000000000000e+02 9.476000000000000048e-03
1.720000000000000000e+02 8.167000000000000648e-03
1.730000000000000000e+02 6.995999999999999615e-03
1.740000000000000000e+02 5.995999999999999594e-03
1.750000000000000000e+02 5.183000000000000107e-03
1.760000000000000000e+02 4.556000000000000154e-03
1.770000000000000000e+02 4.101999999999999744e-03
1.780000000000000000e+02 3.799999999999999992e-03
1.790000000000000000e+02 3.628999999999999847e-03
1.800000000000000000e+02 3.572999999999999787e-03
