0.000000000000000000e+00 1.216999999999999993e+01
1.000000000000000000e+00 1.191999999999999993e+01
2.000000000000000000e+00 1.121000000000000085e+01
3.000000000000000000e+00 1.009999999999999964e+01
4.000000000000000000e+00 8.695999999999999730e+00
5.000000000000000000e+00 7.118999999999999773e+00
6.000000000000000000e+00 5.501999999999999780e+00
7.000000000000000000e+00 3.971000000000000085e+00
8.000000000000000000e+00 2.630999999999999783e+00
9.000000000000000000e+00 1.554999999999999938e+00
1.000000000000000000e+01 7.820000000000000284e-01
1.100000000000000000e+01 3.173000000000000265e-01
1.200000000000000000e+01 1.343000000000000027e-01
1.300000000000000000e+01 1.837000000000000022e-01
1.400000000000000000e+01 4.021000000000000130e-01
1.500000000000000000e+01 7.216000000000000192e-01
1.600000000000000000e+01 1.078000000000000069e+00
1.700000000000000000e+01 1.415999999999999925e+00
1.800000000000000000e+01 1.697000000000000064e+00
1.900000000000000000e+01 1.895000000000000018e+00
2.000000000000000000e+01 2.000999999999999890e+00
2.100000000000000000e+01 2.017999999999999794e+00
2.200000000000000000e+01 1.957000000000000073e+00
2.300000000000000000e+01 1.836000000000000076e+00
2.400000000000000000e+01 1.675000000000000044e+00
2.500000000000000000e+01 1.493999999999999995e+00
2.600000000000000000e+01 1.308999999999999941e+00
2.700000000000000000e+01 1.131000000000000005e+00
2.800000000000000000e+01 9.707000000000000073e-01
2.900000000000000000e+01 8.305000000000000160e-01
3.000000000000000000e+01 7.116000000000000103e-01
3.100000000000000000e+01 6.126000000000000334e-01
3.200000000000000000e+01 5.308000000000000496e-01
3.300000000000000000e+01 4.632999999999999896e-01
3.400000000000000000e+01 4.076000000000000179e-01
3.500000000000000000e+01 3.620999999999999774e-01
3.600000000000000000e+01 3.259000000000000230e-01
3.700000000000000000e+01 2.990999999999999770e-01
3.800000000000000000e+01 2.817999999999999949e-01
3.900000000000000000e+01 2.743999999999999773e-01
4.000000000000000000e+01 2.767000000000000015e-01
4.100000000000000000e+01 2.878999999999999893e-01
4.200000000000000000e+01 3.064000000000000057e-01
4.300000000000000000e+01 3.300000000000000155e-01
4.400000000000000000e+01 3.558000000000000052e-01
4.500000000000000000e+01 3.809000000000000163e-01
4.600000000000000000e+01 4.023999999999999799e-01
4.700000000000000000e+01 4.176000000000000267e-01
4.800000000000000000e+01 4.247000000000000219e-01
4.900000000000000000e+01 4.227000000000000202e-01
5.000000000000000000e+01 4.112000000000000099e-01
5.100000000000000000e+01 3.907999999999999807e-01
5.200000000000000000e+01 3.629000000000000004e-01
5.300000000000000000e+01 3.290000000000000147e-01
5.400000000000000000e+01 2.913999999999999924e-01
5.500000000000000000e+01 2.520999999999999908e-01
5.600000000000000000e+01 2.131000000000000116e-01
5.700000000000000000e+01 1.764000000000000012e-01
5.800000000000000000e+01 1.434999999999999887e-01
5.900000000000000000e+01 1.154000000000000026e-01
6.000000000000000000e+01 9.285999999999999810e-02
6.100000000000000000e+01 7.620999999999999996e-02
6.200000000000000000e+01 6.532999999999999918e-02
6.300000000000000000e+01 5.981000000000000205e-02
6.400000000000000000e+01 5.895000000000000240e-02
6.500000000000000000e+01 6.185999999999999832e-02
6.600000000000000000e+01 6.751999999999999669e-02
6.700000000000000000e+01 7.484000000000000374e-02
6.800000000000000000e+01 8.279000000000000248e-02
6.900000000000000000e+01 9.038000000000000200e-02
7.000000000000000000e+01 9.679000000000000103e-02
7.100000000000000000e+01 1.014000000000000040e-01
7.200000000000000000e+01 1.037000000000000005e-01
7.300000000000000000e+01 1.035999999999999976e-01
7.400000000000000000e+01 1.009000000000000036e-01
7.500000000000000000e+01 9.594999999999999363e-02
7.600000000000000000e+01 8.898999999999999966e-02
7.700000000000000000e+01 8.046999999999999986e-02
7.800000000000000000e+01 7.091000000000000081e-02
7.900000000000000000e+01 6.083000000000000212e-02
8.000000000000000000e+01 5.077999999999999875e-02
8.100000000000000000e+01 4.120999999999999663e-02
8.200000000000000000e+01 3.257000000000000173e-02
8.300000000000000000e+01 2.514999999999999875e-02
8.400000000000000000e+01 1.921000000000000138e-02
8.500000000000000000e+01 1.486999999999999954e-02
8.600000000000000000e+01 1.214999999999999934e-02
8.700000000000000000e+01 1.101000000000000069e-02
8.800000000000000000e+01 1.129999999999999928e-02
8.900000000000000000e+01 1.281999999999999980e-02
9.000000000000000000e+01 1.529999999999999936e-02
9.100000000000000000e+01 1.845000000000000112e-02
9.200000000000000000e+01 2.197999999999999954e-02
9.300000000000000000e+01 2.556999999999999898e-02
9.400000000000000000e+01 2.895000000000000004e-02
9.500000000000000000e+01 3.187999999999999862e-02
9.600000000000000000e+01 3.416000000000000286e-02
9.700000000000000000e+01 3.567000000000000032e-02
9.800000000000000000e+01 3.631999999999999812e-02
9.900000000000000000e+01 3.611000000000000321e-02
1.000000000000000000e+02 3.508000000000000007e-02
1.010000000000000000e+02 3.330999999999999933e-02
1.020000000000000000e+02 3.092999999999999916e-02
1.030000000000000000e+02 2.808000000000000079e-02
1.040000000000000000e+02 2.493000000000000077e-02
1.050000000000000000e+02 2.162999999999999992e-02
1.060000000000000000e+02 1.832999999999999907e-02
1.070000000000000000e+02 1.516999999999999946e-02
1.080000000000000000e+02 1.226999999999999966e-02
1.090000000000000000e+02 9.702000000000000554e-03
1.100000000000000000e+02 7.549000000000000155e-03
1.110000000000000000e+02 5.845999999999999634e-03
1.120000000000000000e+02 4.612999999999999913e-03
1.130000000000000000e+02 3.841999999999999929e-03
1.140000000000000000e+02 3.510999999999999798e-03
1.150000000000000000e+02 3.576000000000000185e-03
1.160000000000000000e+02 3.977999999999999765e-03
1.170000000000000000e+02 4.650999999999999752e-03
1.180000000000000000e+02 5.514999999999999937e-03
1.190000000000000000e+02 6.492999999999999640e-03
1.200000000000000000e+02 7.505000000000000386e-03
1.210000000000000000e+02 8.477999999999999425e-03
1.220000000000000000e+02 9.348000000000000406e-03
1.230000000000000000e+02 1.005999999999999950e-02
1.240000000000000000e+02 1.058000000000000086e-02
1.250000000000000000e+02 1.088000000000000078e-02
1.260000000000000000e+02 1.094999999999999966e-02
1.270000000000000000e+02 1.077999999999999965e-02
1.280000000000000000e+02 1.041000000000000085e-02
1.290000000000000000e+02 9.837000000000000258e-03
1.300000000000000000e+02 9.105999999999999511e-03
1.310000000000000000e+02 8.252000000000000654e-03
1.320000000000000000e+02 7.315000000000000321e-03
1.330000000000000000e+02 6.337999999999999884e-03
1.340000000000000000e+02 5.364999999999999977e-03
1.350000000000000000e+02 4.436999999999999972e-03
1.360000000000000000e+02 3.591000000000000008e-03
1.370000000000000000e+02 2.860000000000000129e-03
1.380000000000000000e+02 2.265999999999999785e-03
1.390000000000000000e+02 1.825999999999999932e-03
1.400000000000000000e+02 1.541999999999999968e-03
1.410000000000000000e+02 1.409000000000000096e-03
1.420000000000000000e+02 1.409000000000000096e-03
1.430000000000000000e+02 1.518000000000000035e-03
1.440000000000000000e+02 1.706000000000000051e-03
1.450000000000000000e+02 1.941999999999999933e-03
1.460000000000000000e+02 2.193000000000000071e-03
1.470000000000000000e+02 2.433999999999999966e-03
1.480000000000000000e+02 2.644000000000000083e-03
1.490000000000000000e+02 2.808999999999999865e-03
1.500000000000000000e+02 2.922999999999999817e-03
1.510000000000000000e+02 2.988999999999999903e-03
1.520000000000000000e+02 3.011999999999999920e-03
1.530000000000000000e+02 3.001999999999999894e-03
1.540000000000000000e+02 2.972999999999999948e-03
1.550000000000000000e+02 2.933999999999999976e-03
1.560000000000000000e+02 2.896999999999999836e-03
1.570000000000000000e+02 2.869000000000000022e-03
1.580000000000000000e+02 2.856000000000000032e-03
1.590000000000000000e+02 2.860000000000000129e-03
1.600000000000000000e+02 2.883000000000000146e-03
1.610000000000000000e+02 2.922000000000000118e-03
1.620000000000000000e+02 2.975000000000000214e-03
1.630000000000000000e+02 3.037999999999999902e-03
1.640000000000000000e+02 3.105999999999999820e-03
1.650000000000000000e+02 3.171000000000000207e-03
1.660000000000000000e+02 3.225000000000000002e-03
1.670000000000000000e+02 3.256000000000000213e-03
1.680000000000000000e+02 3.255000000000000081e-03
1.690000000000000000e+02 3.210999999999999879e-03
1.700000000000000000e+02 3.114000000000000015e-03
1.710000000000000000e+02 2.961999999999999789e-03
1.720000000000000000e+02 2.755000000000000070e-03
1.730000000000000000e+02 2.500000000000000052e-03
1.740000000000000000e+02 2.210999999999999858e-03
1.750000000000000000e+02 1.907000000000000058e-03
1.760000000000000000e+02 1.611000000000000019e-03
1.770000000000000000e+02 1.348999999999999939e-03
1.780000000000000000e+02 1.142000000000000003e-03
1.790000000000000000e+02 1.008999999999999914e-03
1.800000000000000000e+02 9.634999999999999468e-04
