0.000000000000000000e+00 4.041999999999999815e+00
1.000000000000000000e+00 4.035000000000000142e+00
2.000000000000000000e+00 4.014999999999999680e+00
3.000000000000000000e+00 3.991999999999999993e+00
4.000000000000000000e+00 3.979000000000000092e+00
5.000000000000000000e+00 3.990000000000000213e+00
6.000000000000000000e+00 4.036999999999999922e+00
7.000000000000000000e+00 4.126999999999999780e+00
8.000000000000000000e+00 4.261000000000000121e+00
9.000000000000000000e+00 4.432000000000000384e+00
1.000000000000000000e+01 4.621999999999999886e+00
1.100000000000000000e+01 4.812000000000000277e+00
1.200000000000000000e+01 4.974999999999999645e+00
1.300000000000000000e+01 5.084999999999999964e+00
1.400000000000000000e+01 5.121000000000000441e+00
1.500000000000000000e+01 5.064000000000000057e+00
1.600000000000000000e+01 4.908000000000000362e+00
1.700000000000000000e+01 4.653999999999999915e+00
1.800000000000000000e+01 4.312999999999999723e+00
1.900000000000000000e+01 3.904999999999999805e+00
2.000000000000000000e+01 3.455999999999999961e+00
2.100000000000000000e+01 2.996999999999999886e+00
2.200000000000000000e+01 2.557999999999999829e+00
2.300000000000000000e+01 2.165000000000000036e+00
2.400000000000000000e+01 1.842999999999999972e+00
2.500000000000000000e+01 1.604999999999999982e+00
2.600000000000000000e+01 1.459000000000000075e+00
2.700000000000000000e+01 1.403000000000000025e+00
2.800000000000000000e+01 1.427999999999999936e+00
2.900000000000000000e+01 1.518000000000000016e+00
3.000000000000000000e+01 1.653999999999999915e+00
3.100000000000000000e+01 1.812000000000000055e+00
3.200000000000000000e+01 1.969999999999999973e+00
3.300000000000000000e+01 2.107000000000000206e+00
3.400000000000000000e+01 2.206999999999999851e+00
3.500000000000000000e+01 2.258000000000000007e+00
3.600000000000000000e+01 2.254000000000000004e+00
3.700000000000000000e+01 2.193999999999999950e+00
3.800000000000000000e+01 2.083000000000000185e+00
3.900000000000000000e+01 1.931000000000000050e+00
4.000000000000000000e+01 1.749000000000000110e+00
4.100000000000000000e+01 1.550000000000000044e+00
4.200000000000000000e+01 1.350000000000000089e+00
4.300000000000000000e+01 1.159999999999999920e+00
4.400000000000000000e+01 9.902999999999999581e-01
4.500000000000000000e+01 8.496000000000000218e-01
4.600000000000000000e+01 7.418000000000000149e-01
4.700000000000000000e+01 6.683999999999999941e-01
4.800000000000000000e+01 6.274999999999999467e-01
4.900000000000000000e+01 6.151999999999999691e-01
5.000000000000000000e+01 6.258000000000000229e-01
5.100000000000000000e+01 6.526999999999999469e-01
5.200000000000000000e+01 6.887999999999999678e-01
5.300000000000000000e+01 7.275000000000000355e-01
5.400000000000000000e+01 7.631000000000000005e-01
5.500000000000000000e+01 7.907999999999999474e-01
5.600000000000000000e+01 8.074999999999999956e-01
5.700000000000000000e+01 8.112000000000000322e-01
5.800000000000000000e+01 8.013000000000000123e-01
5.900000000000000000e+01 7.781000000000000139e-01
6.000000000000000000e+01 7.432999999999999607e-01
6.100000000000000000e+01 6.987999999999999767e-01
6.200000000000000000e+01 6.471999999999999975e-01
6.300000000000000000e+01 5.910999999999999588e-01
6.400000000000000000e+01 5.331000000000000183e-01
6.500000000000000000e+01 4.758000000000000007e-01
6.600000000000000000e+01 4.213000000000000078e-01
6.700000000000000000e+01 3.713000000000000189e-01
6.800000000000000000e+01 3.272999999999999798e-01
6.900000000000000000e+01 2.899999999999999800e-01
7.000000000000000000e+01 2.597999999999999754e-01
7.100000000000000000e+01 2.366999999999999937e-01
7.200000000000000000e+01 2.204000000000000126e-01
7.300000000000000000e+01 2.101000000000000090e-01
7.400000000000000000e+01 2.048999999999999988e-01
7.500000000000000000e+01 2.036999999999999922e-01
7.600000000000000000e+01 2.053999999999999992e-01
7.700000000000000000e+01 2.088000000000000134e-01
7.800000000000000000e+01 2.129999999999999949e-01
7.900000000000000000e+01 2.169999999999999984e-01
8.000000000000000000e+01 2.200999999999999901e-01
8.100000000000000000e+01 2.217000000000000082e-01
8.200000000000000000e+01 2.214000000000000135e-01
8.300000000000000000e+01 2.190000000000000002e-01
8.400000000000000000e+01 2.144999999999999962e-01
8.500000000000000000e+01 2.081000000000000072e-01
8.600000000000000000e+01 1.998000000000000054e-01
8.700000000000000000e+01 1.900999999999999912e-01
8.800000000000000000e+01 1.791000000000000092e-01
8.900000000000000000e+01 1.673999999999999932e-01
9.000000000000000000e+01 1.552000000000000046e-01
9.100000000000000000e+01 1.428999999999999992e-01
9.200000000000000000e+01 1.307999999999999996e-01
9.300000000000000000e+01 1.192000000000000004e-01
9.400000000000000000e+01 1.082999999999999935e-01
9.500000000000000000e+01 9.836000000000000298e-02
9.600000000000000000e+01 8.951000000000000623e-02
9.700000000000000000e+01 8.189000000000000445e-02
9.800000000000000000e+01 7.556999999999999829e-02
9.900000000000000000e+01 7.055999999999999772e-02
1.000000000000000000e+02 6.686000000000000276e-02
1.010000000000000000e+02 6.438000000000000667e-02
1.020000000000000000e+02 6.302000000000000657e-02
1.030000000000000000e+02 6.263000000000000511e-02
1.040000000000000000e+02 6.302000000000000657e-02
1.050000000000000000e+02 6.396999999999999909e-02
1.060000000000000000e+02 6.529000000000000081e-02
1.070000000000000000e+02 6.673999999999999377e-02
1.080000000000000000e+02 6.812000000000000000e-02
1.090000000000000000e+02 6.923999999999999599e-02
1.100000000000000000e+02 6.994999999999999829e-02
1.110000000000000000e+02 7.012000000000000177e-02
1.120000000000000000e+02 6.968000000000000582e-02
1.130000000000000000e+02 6.858999999999999819e-02
1.140000000000000000e+02 6.686999999999999889e-02
1.150000000000000000e+02 6.456000000000000627e-02
1.160000000000000000e+02 6.173000000000000015e-02
1.170000000000000000e+02 5.849000000000000032e-02
1.180000000000000000e+02 5.494999999999999885e-02
1.190000000000000000e+02 5.124000000000000082e-02
1.200000000000000000e+02 4.746999999999999831e-02
1.210000000000000000e+02 4.376000000000000029e-02
1.220000000000000000e+02 4.019999999999999962e-02
1.230000000000000000e+02 3.688000000000000306e-02
1.240000000000000000e+02 3.384999999999999815e-02
1.250000000000000000e+02 3.116999999999999979e-02
1.260000000000000000e+02 2.886999999999999983e-02
1.270000000000000000e+02 2.695000000000000173e-02
1.280000000000000000e+02 2.543000000000000121e-02
1.290000000000000000e+02 2.429999999999999868e-02
1.300000000000000000e+02 2.353999999999999843e-02
1.310000000000000000e+02 2.314000000000000085e-02
1.320000000000000000e+02 2.306000000000000064e-02
1.330000000000000000e+02 2.325999999999999943e-02
1.340000000000000000e+02 2.369999999999999885e-02
1.350000000000000000e+02 2.432000000000000134e-02
1.360000000000000000e+02 2.506999999999999854e-02
1.370000000000000000e+02 2.586000000000000104e-02
1.380000000000000000e+02 2.663000000000000089e-02
1.390000000000000000e+02 2.733000000000000013e-02
1.400000000000000000e+02 2.789000000000000160e-02
1.410000000000000000e+02 2.826999999999999999e-02
1.420000000000000000e+02 2.844000000000000000e-02
1.430000000000000000e+02 2.838999999999999857e-02
1.440000000000000000e+02 2.812999999999999876e-02
1.450000000000000000e+02 2.767000000000000015e-02
1.460000000000000000e+02 2.704000000000000153e-02
1.470000000000000000e+02 2.629000000000000087e-02
1.480000000000000000e+02 2.545000000000000040e-02
1.490000000000000000e+02 2.457000000000000156e-02
1.500000000000000000e+02 2.368999999999999925e-02
1.510000000000000000e+02 2.284999999999999878e-02
1.520000000000000000e+02 2.205999999999999975e-02
1.530000000000000000e+02 2.136000000000000051e-02
1.540000000000000000e+02 2.077000000000000027e-02
1.550000000000000000e+02 2.028999999999999901e-02
1.560000000000000000e+02 1.993999999999999939e-02
1.570000000000000000e+02 1.973000000000000101e-02
1.580000000000000000e+02 1.966000000000000039e-02
1.590000000000000000e+02 1.974000000000000060e-02
1.600000000000000000e+02 1.997000000000000164e-02
1.610000000000000000e+02 2.035999999999999963e-02
1.620000000000000000e+02 2.089999999999999844e-02
1.630000000000000000e+02 2.157999999999999849e-02
1.640000000000000000e+02 2.239999999999999977e-02
1.650000000000000000e+02 2.335999999999999882e-02
1.660000000000000000e+02 2.443000000000000033e-02
1.670000000000000000e+02 2.562000000000000041e-02
1.680000000000000000e+02 2.690999999999999989e-02
1.690000000000000000e+02 2.827999999999999958e-02
1.700000000000000000e+02 2.972999999999999948e-02
1.710000000000000000e+02 3.123000000000000081e-02
1.720000000000000000e+02 3.275999999999999746e-02
1.730000000000000000e+02 3.427000000000000185e-02
1.740000000000000000e+02 3.572000000000000175e-02
1.750000000000000000e+02 3.708000000000000185e-02
1.760000000000000000e+02 3.828000000000000153e-02
1.770000000000000000e+02 3.928000000000000241e-02
1.780000000000000000e+02 4.003000000000000308e-02
1.790000000000000000e+02 4.048999999999999821e-02
1.800000000000000000e+02 4.064999999999999863e-02
