0.000000000000000000e+00 1.335000000000000075e-02
1.000000000000000000e+00 1.341000000000000004e-02
2.000000000000000000e+00 1.359999999999999924e-02
3.000000000000000000e+00 1.392000000000000008e-02
4.000000000000000000e+00 1.437000000000000083e-02
5.000000000000000000e+00 1.494000000000000015e-02
6.000000000000000000e+00 1.563000000000000153e-02
7.000000000000000000e+00 1.643999999999999975e-02
8.000000000000000000e+00 1.735000000000000084e-02
9.000000000000000000e+00 1.837000000000000091e-02
1.000000000000000000e+01 1.949000000000000038e-02
1.100000000000000000e+01 2.069999999999999965e-02
1.200000000000000000e+01 2.197999999999999954e-02
1.300000000000000000e+01 2.334999999999999923e-02
1.400000000000000000e+01 2.477999999999999994e-02
1.500000000000000000e+01 2.629000000000000087e-02
1.600000000000000000e+01 2.786999999999999894e-02
1.700000000000000000e+01 2.954999999999999988e-02
1.800000000000000000e+01 3.132999999999999674e-02
1.900000000000000000e+01 3.323999999999999871e-02
2.000000000000000000e+01 3.531999999999999723e-02
2.100000000000000000e+01 3.760000000000000148e-02
2.200000000000000000e+01 4.016000000000000125e-02
2.300000000000000000e+01 4.304000000000000187e-02
2.400000000000000000e+01 4.630999999999999700e-02
2.500000000000000000e+01 5.006000000000000033e-02
2.600000000000000000e+01 5.433999999999999941e-02
2.700000000000000000e+01 5.924000000000000099e-02
2.800000000000000000e+01 6.483999999999999486e-02
2.900000000000000000e+01 7.117999999999999328e-02
3.000000000000000000e+01 7.832999999999999685e-02
3.100000000000000000e+01 8.630999999999999783e-02
3.200000000000000000e+01 9.514999999999999847e-02
3.300000000000000000e+01 1.048000000000000043e-01
3.400000000000000000e+01 1.152999999999999997e-01
3.500000000000000000e+01 1.265999999999999903e-01
3.600000000000000000e+01 1.385000000000000120e-01
3.700000000000000000e+01 1.509000000000000064e-01
3.800000000000000000e+01 1.638000000000000012e-01
3.900000000000000000e+01 1.769000000000000017e-01
4.000000000000000000e+01 1.900000000000000022e-01
4.100000000000000000e+01 2.030000000000000138e-01
4.200000000000000000e+01 2.154999999999999971e-01
4.300000000000000000e+01 2.275000000000000078e-01
4.400000000000000000e+01 2.386000000000000065e-01
4.500000000000000000e+01 2.485999999999999877e-01
4.600000000000000000e+01 2.574000000000000177e-01
4.700000000000000000e+01 2.647999999999999798e-01
4.800000000000000000e+01 2.706999999999999962e-01
4.900000000000000000e+01 2.747999999999999887e-01
5.000000000000000000e+01 2.772000000000000020e-01
5.100000000000000000e+01 2.778999999999999804e-01
5.200000000000000000e+01 2.767999999999999905e-01
5.300000000000000000e+01 2.740000000000000213e-01
5.400000000000000000e+01 2.696000000000000063e-01
5.500000000000000000e+01 2.637999999999999790e-01
5.600000000000000000e+01 2.566999999999999837e-01
5.700000000000000000e+01 2.485999999999999877e-01
5.800000000000000000e+01 2.396999999999999964e-01
5.900000000000000000e+01 2.303000000000000047e-01
6.000000000000000000e+01 2.205999999999999905e-01
6.100000000000000000e+01 2.107999999999999874e-01
6.200000000000000000e+01 2.013999999999999957e-01
6.300000000000000000e+01 1.923999999999999877e-01
6.400000000000000000e+01 1.841000000000000136e-01
6.500000000000000000e+01 1.766999999999999960e-01
6.600000000000000000e+01 1.703999999999999959e-01
6.700000000000000000e+01 1.653000000000000025e-01
6.800000000000000000e+01 1.612999999999999989e-01
6.900000000000000000e+01 1.585999999999999910e-01
7.000000000000000000e+01 1.572000000000000064e-01
7.100000000000000000e+01 1.570000000000000007e-01
7.200000000000000000e+01 1.577999999999999958e-01
7.300000000000000000e+01 1.595999999999999919e-01
7.400000000000000000e+01 1.622000000000000108e-01
7.500000000000000000e+01 1.655000000000000082e-01
7.600000000000000000e+01 1.691999999999999893e-01
7.700000000000000000e+01 1.731999999999999929e-01
7.800000000000000000e+01 1.771999999999999964e-01
7.900000000000000000e+01 1.811000000000000110e-01
8.000000000000000000e+01 1.845999999999999863e-01
8.100000000000000000e+01 1.877000000000000057e-01
8.200000000000000000e+01 1.900999999999999912e-01
8.300000000000000000e+01 1.918999999999999873e-01
8.400000000000000000e+01 1.927999999999999992e-01
8.500000000000000000e+01 1.927999999999999992e-01
8.600000000000000000e+01 1.920000000000000040e-01
8.700000000000000000e+01 1.902999999999999969e-01
8.800000000000000000e+01 1.877000000000000057e-01
8.900000000000000000e+01 1.842999999999999916e-01
9.000000000000000000e+01 1.802999999999999881e-01
9.100000000000000000e+01 1.756000000000000061e-01
9.200000000000000000e+01 1.703999999999999959e-01
9.300000000000000000e+01 1.648000000000000020e-01
9.400000000000000000e+01 1.590000000000000024e-01
9.500000000000000000e+01 1.529999999999999971e-01
9.600000000000000000e+01 1.471000000000000085e-01
9.700000000000000000e+01 1.411999999999999922e-01
9.800000000000000000e+01 1.355000000000000093e-01
9.900000000000000000e+01 1.300000000000000044e-01
1.000000000000000000e+02 1.250000000000000000e-01
1.010000000000000000e+02 1.203000000000000042e-01
1.020000000000000000e+02 1.160999999999999949e-01
1.030000000000000000e+02 1.122999999999999970e-01
1.040000000000000000e+02 1.091000000000000025e-01
1.050000000000000000e+02 1.063000000000000056e-01
1.060000000000000000e+02 1.039999999999999952e-01
1.070000000000000000e+02 1.019999999999999934e-01
1.080000000000000000e+02 1.005000000000000060e-01
1.090000000000000000e+02 9.937999999999999612e-02
1.100000000000000000e+02 9.853000000000000647e-02
1.110000000000000000e+02 9.793999999999999928e-02
1.120000000000000000e+02 9.755999999999999395e-02
1.130000000000000000e+02 9.732999999999999985e-02
1.140000000000000000e+02 9.722999999999999698e-02
1.150000000000000000e+02 9.718999999999999861e-02
1.160000000000000000e+02 9.719999999999999474e-02
1.170000000000000000e+02 9.719999999999999474e-02
1.180000000000000000e+02 9.718999999999999861e-02
1.190000000000000000e+02 9.711999999999999800e-02
1.200000000000000000e+02 9.699000000000000676e-02
1.210000000000000000e+02 9.678000000000000491e-02
1.220000000000000000e+02 9.647999999999999632e-02
1.230000000000000000e+02 9.608999999999999486e-02
1.240000000000000000e+02 9.558999999999999442e-02
1.250000000000000000e+02 9.499000000000000499e-02
1.260000000000000000e+02 9.428000000000000269e-02
1.270000000000000000e+02 9.346999999999999753e-02
1.280000000000000000e+02 9.256000000000000338e-02
1.290000000000000000e+02 9.156000000000000250e-02
1.300000000000000000e+02 9.045000000000000262e-02
1.310000000000000000e+02 8.924999999999999600e-02
1.320000000000000000e+02 8.797000000000000652e-02
1.330000000000000000e+02 8.659999999999999643e-02
1.340000000000000000e+02 8.515000000000000346e-02
1.350000000000000000e+02 8.361999999999999988e-02
1.360000000000000000e+02 8.201999999999999569e-02
1.370000000000000000e+02 8.035000000000000475e-02
1.380000000000000000e+02 7.863000000000000544e-02
1.390000000000000000e+02 7.685999999999999777e-02
1.400000000000000000e+02 7.503999999999999559e-02
1.410000000000000000e+02 7.319000000000000505e-02
1.420000000000000000e+02 7.130000000000000226e-02
1.430000000000000000e+02 6.940999999999999948e-02
1.440000000000000000e+02 6.750000000000000444e-02
1.450000000000000000e+02 6.558999999999999553e-02
1.460000000000000000e+02 6.368000000000000049e-02
1.470000000000000000e+02 6.180000000000000077e-02
1.480000000000000000e+02 5.992999999999999716e-02
1.490000000000000000e+02 5.809999999999999887e-02
1.500000000000000000e+02 5.630000000000000282e-02
1.510000000000000000e+02 5.453999999999999820e-02
1.520000000000000000e+02 5.283000000000000196e-02
1.530000000000000000e+02 5.117000000000000021e-02
1.540000000000000000e+02 4.955999999999999989e-02
1.550000000000000000e+02 4.800999999999999712e-02
1.560000000000000000e+02 4.651000000000000273e-02
1.570000000000000000e+02 4.506999999999999895e-02
1.580000000000000000e+02 4.368999999999999967e-02
1.590000000000000000e+02 4.236999999999999794e-02
1.600000000000000000e+02 4.111999999999999683e-02
1.610000000000000000e+02 3.991999999999999715e-02
1.620000000000000000e+02 3.878000000000000197e-02
1.630000000000000000e+02 3.769999999999999740e-02
1.640000000000000000e+02 3.669000000000000039e-02
1.650000000000000000e+02 3.572999999999999787e-02
1.660000000000000000e+02 3.484000000000000291e-02
1.670000000000000000e+02 3.400999999999999857e-02
1.680000000000000000e+02 3.325000000000000178e-02
1.690000000000000000e+02 3.253999999999999948e-02
1.700000000000000000e+02 3.189999999999999780e-02
1.710000000000000000e+02 3.132000000000000062e-02
1.720000000000000000e+02 3.081000000000000058e-02
1.730000000000000000e+02 3.034999999999999851e-02
1.740000000000000000e+02 2.996000000000000052e-02
1.750000000000000000e+02 2.963000000000000009e-02
1.760000000000000000e+02 2.936000000000000068e-02
1.770000000000000000e+02 2.914999999999999883e-02
1.780000000000000000e+02 2.900000000000000147e-02
1.790000000000000000e+02 2.891000000000000167e-02
1.800000000000000000e+02 2.887999999999999942e-02
