0.000000000000000000e+00 1.504000000000000004e+00
1.000000000000000000e+00 1.534000000000000030e+00
2.000000000000000000e+00 1.622999999999999998e+00
3.000000000000000000e+00 1.764000000000000012e+00
4.000000000000000000e+00 1.945999999999999952e+00
5.000000000000000000e+00 2.158999999999999808e+00
6.000000000000000000e+00 2.388999999999999790e+00
7.000000000000000000e+00 2.623000000000000220e+00
8.000000000000000000e+00 2.846000000000000085e+00
9.000000000000000000e+00 3.045999999999999819e+00
1.000000000000000000e+01 3.209999999999999964e+00
1.100000000000000000e+01 3.326000000000000068e+00
1.200000000000000000e+01 3.383999999999999897e+00
1.300000000000000000e+01 3.374000000000000110e+00
1.400000000000000000e+01 3.290999999999999925e+00
1.500000000000000000e+01 3.134999999999999787e+00
1.600000000000000000e+01 2.911999999999999922e+00
1.700000000000000000e+01 2.633000000000000007e+00
1.800000000000000000e+01 2.317000000000000171e+00
1.900000000000000000e+01 1.987000000000000099e+00
2.000000000000000000e+01 1.665999999999999925e+00
2.100000000000000000e+01 1.379000000000000004e+00
2.200000000000000000e+01 1.143000000000000016e+00
2.300000000000000000e+01 9.716000000000000192e-01
2.400000000000000000e+01 8.677000000000000268e-01
2.500000000000000000e+01 8.276000000000000023e-01
2.600000000000000000e+01 8.400999999999999579e-01
2.700000000000000000e+01 8.892999999999999794e-01
2.800000000000000000e+01 9.572000000000000508e-01
2.900000000000000000e+01 1.026000000000000023e+00
3.000000000000000000e+01 1.082000000000000073e+00
3.100000000000000000e+01 1.114999999999999991e+00
3.200000000000000000e+01 1.120000000000000107e+00
3.300000000000000000e+01 1.096000000000000085e+00
3.400000000000000000e+01 1.048000000000000043e+00
3.500000000000000000e+01 9.796000000000000263e-01
3.600000000000000000e+01 8.993999999999999773e-01
3.700000000000000000e+01 8.136999999999999789e-01
3.800000000000000000e+01 7.279999999999999805e-01
3.900000000000000000e+01 6.468000000000000416e-01
4.000000000000000000e+01 5.726999999999999869e-01
4.100000000000000000e+01 5.071999999999999842e-01
4.200000000000000000e+01 4.507999999999999785e-01
4.300000000000000000e+01 4.032000000000000028e-01
4.400000000000000000e+01 3.639000000000000012e-01
4.500000000000000000e+01 3.321999999999999953e-01
4.600000000000000000e+01 3.074000000000000066e-01
4.700000000000000000e+01 2.884999999999999787e-01
4.800000000000000000e+01 2.746000000000000107e-01
4.900000000000000000e+01 2.646000000000000019e-01
5.000000000000000000e+01 2.575000000000000067e-01
5.100000000000000000e+01 2.520000000000000018e-01
5.200000000000000000e+01 2.472999999999999921e-01
5.300000000000000000e+01 2.424999999999999933e-01
5.400000000000000000e+01 2.371999999999999942e-01
5.500000000000000000e+01 2.311999999999999889e-01
5.600000000000000000e+01 2.243999999999999884e-01
5.700000000000000000e+01 2.170999999999999874e-01
5.800000000000000000e+01 2.096999999999999975e-01
5.900000000000000000e+01 2.023000000000000076e-01
6.000000000000000000e+01 1.950999999999999956e-01
6.100000000000000000e+01 1.882000000000000062e-01
6.200000000000000000e+01 1.814000000000000057e-01
6.300000000000000000e+01 1.743999999999999995e-01
6.400000000000000000e+01 1.670000000000000095e-01
6.500000000000000000e+01 1.587999999999999967e-01
6.600000000000000000e+01 1.496000000000000107e-01
6.700000000000000000e+01 1.393000000000000071e-01
6.800000000000000000e+01 1.279000000000000137e-01
6.900000000000000000e+01 1.158000000000000002e-01
7.000000000000000000e+01 1.032000000000000001e-01
7.100000000000000000e+01 9.081000000000000183e-02
7.200000000000000000e+01 7.903999999999999915e-02
7.300000000000000000e+01 6.850000000000000533e-02
7.400000000000000000e+01 5.970000000000000306e-02
7.500000000000000000e+01 5.299999999999999850e-02
7.600000000000000000e+01 4.861999999999999655e-02
7.700000000000000000e+01 4.658999999999999947e-02
7.800000000000000000e+01 4.673000000000000070e-02
7.900000000000000000e+01 4.871000000000000330e-02
8.000000000000000000e+01 5.201000000000000068e-02
8.100000000000000000e+01 5.605000000000000260e-02
8.200000000000000000e+01 6.019999999999999657e-02
8.300000000000000000e+01 6.386000000000000010e-02
8.400000000000000000e+01 6.654000000000000192e-02
8.500000000000000000e+01 6.790000000000000202e-02
8.600000000000000000e+01 6.776999999999999691e-02
8.700000000000000000e+01 6.618000000000000271e-02
8.800000000000000000e+01 6.331000000000000516e-02
8.900000000000000000e+01 5.947999999999999815e-02
9.000000000000000000e+01 5.503999999999999865e-02
9.100000000000000000e+01 5.034000000000000280e-02
9.200000000000000000e+01 4.567999999999999838e-02
9.300000000000000000e+01 4.123999999999999888e-02
9.400000000000000000e+01 3.713000000000000328e-02
9.500000000000000000e+01 3.336000000000000076e-02
9.600000000000000000e+01 2.987000000000000072e-02
9.700000000000000000e+01 2.663000000000000089e-02
9.800000000000000000e+01 2.363000000000000170e-02
9.900000000000000000e+01 2.091000000000000150e-02
1.000000000000000000e+02 1.858999999999999889e-02
1.010000000000000000e+02 1.679999999999999896e-02
1.020000000000000000e+02 1.572000000000000133e-02
1.030000000000000000e+02 1.545000000000000019e-02
1.040000000000000000e+02 1.602999999999999911e-02
1.050000000000000000e+02 1.739999999999999880e-02
1.060000000000000000e+02 1.939000000000000098e-02
1.070000000000000000e+02 2.171000000000000013e-02
1.080000000000000000e+02 2.404999999999999846e-02
1.090000000000000000e+02 2.605000000000000024e-02
1.100000000000000000e+02 2.744999999999999871e-02
1.110000000000000000e+02 2.802999999999999936e-02
1.120000000000000000e+02 2.773000000000000118e-02
1.130000000000000000e+02 2.659999999999999865e-02
1.140000000000000000e+02 2.483000000000000138e-02
1.150000000000000000e+02 2.264999999999999999e-02
1.160000000000000000e+02 2.035999999999999963e-02
1.170000000000000000e+02 1.819000000000000131e-02
1.180000000000000000e+02 1.633000000000000076e-02
1.190000000000000000e+02 1.488000000000000086e-02
1.200000000000000000e+02 1.380999999999999936e-02
1.210000000000000000e+02 1.302999999999999992e-02
1.220000000000000000e+02 1.240999999999999916e-02
1.230000000000000000e+02 1.180999999999999932e-02
1.240000000000000000e+02 1.111999999999999968e-02
1.250000000000000000e+02 1.030000000000000013e-02
1.260000000000000000e+02 9.393999999999999573e-03
1.270000000000000000e+02 8.507000000000000672e-03
1.280000000000000000e+02 7.773999999999999660e-03
1.290000000000000000e+02 7.333000000000000108e-03
1.300000000000000000e+02 7.283000000000000411e-03
1.310000000000000000e+02 7.660000000000000142e-03
1.320000000000000000e+02 8.420000000000000401e-03
1.330000000000000000e+02 9.447999999999999801e-03
1.340000000000000000e+02 1.058000000000000086e-02
1.350000000000000000e+02 1.162999999999999971e-02
1.360000000000000000e+02 1.243000000000000008e-02
1.370000000000000000e+02 1.285999999999999990e-02
1.380000000000000000e+02 1.286999999999999950e-02
1.390000000000000000e+02 1.247000000000000018e-02
1.400000000000000000e+02 1.176999999999999921e-02
1.410000000000000000e+02 1.089000000000000037e-02
1.420000000000000000e+02 9.983999999999999819e-03
1.430000000000000000e+02 9.188999999999999252e-03
1.440000000000000000e+02 8.597000000000000475e-03
1.450000000000000000e+02 8.240000000000000796e-03
1.460000000000000000e+02 8.090999999999999234e-03
1.470000000000000000e+02 8.066999999999999518e-03
1.480000000000000000e+02 8.059000000000000191e-03
1.490000000000000000e+02 7.960000000000000062e-03
1.500000000000000000e+02 7.690999999999999920e-03
1.510000000000000000e+02 7.228000000000000050e-03
1.520000000000000000e+02 6.609000000000000291e-03
1.530000000000000000e+02 5.930000000000000375e-03
1.540000000000000000e+02 5.323999999999999740e-03
1.550000000000000000e+02 4.936000000000000283e-03
1.560000000000000000e+02 4.885999999999999718e-03
1.570000000000000000e+02 5.246999999999999928e-03
1.580000000000000000e+02 6.019000000000000045e-03
1.590000000000000000e+02 7.128999999999999920e-03
1.600000000000000000e+02 8.439999999999999586e-03
1.610000000000000000e+02 9.775999999999999968e-03
1.620000000000000000e+02 1.094999999999999966e-02
1.630000000000000000e+02 1.180999999999999932e-02
1.640000000000000000e+02 1.226000000000000006e-02
1.650000000000000000e+02 1.226999999999999966e-02
1.660000000000000000e+02 1.193999999999999923e-02
1.670000000000000000e+02 1.141999999999999960e-02
1.680000000000000000e+02 1.094000000000000007e-02
1.690000000000000000e+02 1.077000000000000006e-02
1.700000000000000000e+02 1.116999999999999937e-02
1.710000000000000000e+02 1.233000000000000068e-02
1.720000000000000000e+02 1.438000000000000042e-02
1.730000000000000000e+02 1.728999999999999981e-02
1.740000000000000000e+02 2.093000000000000069e-02
1.750000000000000000e+02 2.502000000000000057e-02
1.760000000000000000e+02 2.920000000000000026e-02
1.770000000000000000e+02 3.305999999999999911e-02
1.780000000000000000e+02 3.617000000000000076e-02
1.790000000000000000e+02 3.819999999999999785e-02
1.800000000000000000e+02 3.889999999999999708e-02
