0.000000000000000000e+00 1.102000000000000063e-01
1.000000000000000000e+00 1.100000000000000006e-01
2.000000000000000000e+00 1.092999999999999944e-01
3.000000000000000000e+00 1.083999999999999964e-01
4.000000000000000000e+00 1.078000000000000069e-01
5.000000000000000000e+00 1.078000000000000069e-01
6.000000000000000000e+00 1.088999999999999968e-01
7.000000000000000000e+00 1.113999999999999990e-01
8.000000000000000000e+00 1.155999999999999944e-01
9.000000000000000000e+00 1.215999999999999998e-01
1.000000000000000000e+01 1.293999999999999873e-01
1.100000000000000000e+01 1.388000000000000067e-01
1.200000000000000000e+01 1.496999999999999997e-01
1.300000000000000000e+01 1.618999999999999884e-01
1.400000000000000000e+01 1.753000000000000114e-01
1.500000000000000000e+01 1.900999999999999912e-01
1.600000000000000000e+01 2.064000000000000001e-01
1.700000000000000000e+01 2.245000000000000051e-01
1.800000000000000000e+01 2.447000000000000008e-01
1.900000000000000000e+01 2.674000000000000266e-01
2.000000000000000000e+01 2.926000000000000267e-01
2.100000000000000000e+01 3.201999999999999846e-01
2.200000000000000000e+01 3.497000000000000108e-01
2.300000000000000000e+01 3.803000000000000269e-01
2.400000000000000000e+01 4.106000000000000205e-01
2.500000000000000000e+01 4.391999999999999793e-01
2.600000000000000000e+01 4.641000000000000125e-01
2.700000000000000000e+01 4.835999999999999743e-01
2.800000000000000000e+01 4.959999999999999964e-01
2.900000000000000000e+01 5.000999999999999890e-01
3.000000000000000000e+01 4.949999999999999956e-01
3.100000000000000000e+01 4.807000000000000162e-01
3.200000000000000000e+01 4.576999999999999957e-01
3.300000000000000000e+01 4.274000000000000021e-01
3.400000000000000000e+01 3.915000000000000147e-01
3.500000000000000000e+01 3.523999999999999910e-01
3.600000000000000000e+01 3.126999999999999780e-01
3.700000000000000000e+01 2.746999999999999997e-01
3.800000000000000000e+01 2.409000000000000030e-01
3.900000000000000000e+01 2.127999999999999892e-01
4.000000000000000000e+01 1.917999999999999983e-01
4.100000000000000000e+01 1.782999999999999863e-01
4.200000000000000000e+01 1.718999999999999972e-01
4.300000000000000000e+01 1.719999999999999862e-01
4.400000000000000000e+01 1.771000000000000074e-01
4.500000000000000000e+01 1.854999999999999982e-01
4.600000000000000000e+01 1.953000000000000014e-01
4.700000000000000000e+01 2.049999999999999878e-01
4.800000000000000000e+01 2.129999999999999949e-01
4.900000000000000000e+01 2.179999999999999993e-01
5.000000000000000000e+01 2.195000000000000007e-01
5.100000000000000000e+01 2.172000000000000042e-01
5.200000000000000000e+01 2.111000000000000099e-01
5.300000000000000000e+01 2.018000000000000071e-01
5.400000000000000000e+01 1.900999999999999912e-01
5.500000000000000000e+01 1.766000000000000070e-01
5.600000000000000000e+01 1.622999999999999998e-01
5.700000000000000000e+01 1.479000000000000037e-01
5.800000000000000000e+01 1.342000000000000137e-01
5.900000000000000000e+01 1.214999999999999969e-01
6.000000000000000000e+01 1.103999999999999981e-01
6.100000000000000000e+01 1.009000000000000036e-01
6.200000000000000000e+01 9.332000000000000017e-02
6.300000000000000000e+01 8.756999999999999507e-02
6.400000000000000000e+01 8.366999999999999438e-02
6.500000000000000000e+01 8.154000000000000137e-02
6.600000000000000000e+01 8.107999999999999929e-02
6.700000000000000000e+01 8.211000000000000243e-02
6.800000000000000000e+01 8.440999999999999892e-02
6.900000000000000000e+01 8.765000000000000568e-02
7.000000000000000000e+01 9.143999999999999351e-02
7.100000000000000000e+01 9.531000000000000583e-02
7.200000000000000000e+01 9.876000000000000056e-02
7.300000000000000000e+01 1.013000000000000012e-01
7.400000000000000000e+01 1.023000000000000020e-01
7.500000000000000000e+01 1.015999999999999959e-01
7.600000000000000000e+01 9.890999999999999792e-02
7.700000000000000000e+01 9.413000000000000533e-02
7.800000000000000000e+01 8.744999999999999996e-02
7.900000000000000000e+01 7.921999999999999875e-02
8.000000000000000000e+01 6.994000000000000217e-02
8.100000000000000000e+01 6.024000000000000188e-02
8.200000000000000000e+01 5.075000000000000344e-02
8.300000000000000000e+01 4.209000000000000241e-02
8.400000000000000000e+01 3.477000000000000229e-02
8.500000000000000000e+01 2.914999999999999883e-02
8.600000000000000000e+01 2.537999999999999978e-02
8.700000000000000000e+01 2.341999999999999985e-02
8.800000000000000000e+01 2.304000000000000145e-02
8.900000000000000000e+01 2.387999999999999845e-02
9.000000000000000000e+01 2.547999999999999918e-02
9.100000000000000000e+01 2.738000000000000156e-02
9.200000000000000000e+01 2.914999999999999883e-02
9.300000000000000000e+01 3.045000000000000137e-02
9.400000000000000000e+01 3.109999999999999917e-02
9.500000000000000000e+01 3.100999999999999937e-02
9.600000000000000000e+01 3.025999999999999870e-02
9.700000000000000000e+01 2.903000000000000025e-02
9.800000000000000000e+01 2.755000000000000157e-02
9.900000000000000000e+01 2.605999999999999983e-02
1.000000000000000000e+02 2.477999999999999994e-02
1.010000000000000000e+02 2.386999999999999886e-02
1.020000000000000000e+02 2.339000000000000107e-02
1.030000000000000000e+02 2.331000000000000086e-02
1.040000000000000000e+02 2.352999999999999883e-02
1.050000000000000000e+02 2.387999999999999845e-02
1.060000000000000000e+02 2.418000000000000010e-02
1.070000000000000000e+02 2.426000000000000031e-02
1.080000000000000000e+02 2.398000000000000131e-02
1.090000000000000000e+02 2.329000000000000167e-02
1.100000000000000000e+02 2.219000000000000139e-02
1.110000000000000000e+02 2.076000000000000068e-02
1.120000000000000000e+02 1.913000000000000117e-02
1.130000000000000000e+02 1.745999999999999983e-02
1.140000000000000000e+02 1.591000000000000053e-02
1.150000000000000000e+02 1.461999999999999932e-02
1.160000000000000000e+02 1.367999999999999945e-02
1.170000000000000000e+02 1.311999999999999972e-02
1.180000000000000000e+02 1.291999999999999919e-02
1.190000000000000000e+02 1.301000000000000073e-02
1.200000000000000000e+02 1.328000000000000014e-02
1.210000000000000000e+02 1.362999999999999975e-02
1.220000000000000000e+02 1.393999999999999927e-02
1.230000000000000000e+02 1.413000000000000020e-02
1.240000000000000000e+02 1.417000000000000030e-02
1.250000000000000000e+02 1.404000000000000040e-02
1.260000000000000000e+02 1.379000000000000017e-02
1.270000000000000000e+02 1.348000000000000066e-02
1.280000000000000000e+02 1.315999999999999982e-02
1.290000000000000000e+02 1.290999999999999960e-02
1.300000000000000000e+02 1.276000000000000051e-02
1.310000000000000000e+02 1.272000000000000040e-02
1.320000000000000000e+02 1.277000000000000010e-02
1.330000000000000000e+02 1.285999999999999990e-02
1.340000000000000000e+02 1.294000000000000011e-02
1.350000000000000000e+02 1.294000000000000011e-02
1.360000000000000000e+02 1.280000000000000061e-02
1.370000000000000000e+02 1.250000000000000069e-02
1.380000000000000000e+02 1.204000000000000035e-02
1.390000000000000000e+02 1.145999999999999970e-02
1.400000000000000000e+02 1.081999999999999976e-02
1.410000000000000000e+02 1.017999999999999981e-02
1.420000000000000000e+02 9.643000000000000529e-03
1.430000000000000000e+02 9.263000000000000400e-03
1.440000000000000000e+02 9.088000000000000592e-03
1.450000000000000000e+02 9.129999999999999227e-03
1.460000000000000000e+02 9.367000000000000326e-03
1.470000000000000000e+02 9.747999999999999721e-03
1.480000000000000000e+02 1.020000000000000073e-02
1.490000000000000000e+02 1.064999999999999974e-02
1.500000000000000000e+02 1.102000000000000028e-02
1.510000000000000000e+02 1.125999999999999918e-02
1.520000000000000000e+02 1.133999999999999939e-02
1.530000000000000000e+02 1.127000000000000050e-02
1.540000000000000000e+02 1.106999999999999998e-02
1.550000000000000000e+02 1.080000000000000057e-02
1.560000000000000000e+02 1.051999999999999984e-02
1.570000000000000000e+02 1.026999999999999962e-02
1.580000000000000000e+02 1.010999999999999920e-02
1.590000000000000000e+02 1.004999999999999991e-02
1.600000000000000000e+02 1.009000000000000001e-02
1.610000000000000000e+02 1.021000000000000033e-02
1.620000000000000000e+02 1.038999999999999993e-02
1.630000000000000000e+02 1.059000000000000045e-02
1.640000000000000000e+02 1.078999999999999924e-02
1.650000000000000000e+02 1.101000000000000069e-02
1.660000000000000000e+02 1.125999999999999918e-02
1.670000000000000000e+02 1.162000000000000012e-02
1.680000000000000000e+02 1.216000000000000067e-02
1.690000000000000000e+02 1.295999999999999930e-02
1.700000000000000000e+02 1.409999999999999969e-02
1.710000000000000000e+02 1.562000000000000020e-02
1.720000000000000000e+02 1.754000000000000004e-02
1.730000000000000000e+02 1.981000000000000122e-02
1.740000000000000000e+02 2.232999999999999916e-02
1.750000000000000000e+02 2.494000000000000036e-02
1.760000000000000000e+02 2.745999999999999830e-02
1.770000000000000000e+02 2.970000000000000070e-02
1.780000000000000000e+02 3.146000000000000185e-02
1.790000000000000000e+02 3.257999999999999785e-02
1.800000000000000000e+02 3.296999999999999931e-02
