0.000000000000000000e+00 1.262000000000000011e+00
1.000000000000000000e+00 1.254999999999999893e+00
2.000000000000000000e+00 1.235999999999999988e+00
3.000000000000000000e+00 1.207999999999999963e+00
4.000000000000000000e+00 1.175000000000000044e+00
5.000000000000000000e+00 1.141000000000000014e+00
6.000000000000000000e+00 1.112999999999999989e+00
7.000000000000000000e+00 1.096000000000000085e+00
8.000000000000000000e+00 1.094000000000000083e+00
9.000000000000000000e+00 1.110000000000000098e+00
1.000000000000000000e+01 1.145999999999999908e+00
1.100000000000000000e+01 1.201000000000000068e+00
1.200000000000000000e+01 1.272999999999999909e+00
1.300000000000000000e+01 1.356999999999999984e+00
1.400000000000000000e+01 1.449000000000000066e+00
1.500000000000000000e+01 1.542000000000000037e+00
1.600000000000000000e+01 1.629999999999999893e+00
1.700000000000000000e+01 1.707000000000000073e+00
1.800000000000000000e+01 1.766999999999999904e+00
1.900000000000000000e+01 1.808000000000000052e+00
2.000000000000000000e+01 1.824999999999999956e+00
2.100000000000000000e+01 1.818999999999999950e+00
2.200000000000000000e+01 1.790999999999999925e+00
2.300000000000000000e+01 1.741999999999999993e+00
2.400000000000000000e+01 1.675999999999999934e+00
2.500000000000000000e+01 1.598000000000000087e+00
2.600000000000000000e+01 1.512000000000000011e+00
2.700000000000000000e+01 1.423999999999999932e+00
2.800000000000000000e+01 1.336999999999999966e+00
2.900000000000000000e+01 1.256999999999999895e+00
3.000000000000000000e+01 1.185999999999999943e+00
3.100000000000000000e+01 1.125999999999999890e+00
3.200000000000000000e+01 1.078999999999999959e+00
3.300000000000000000e+01 1.042999999999999927e+00
3.400000000000000000e+01 1.018999999999999906e+00
3.500000000000000000e+01 1.004000000000000004e+00
3.600000000000000000e+01 9.948000000000000176e-01
3.700000000000000000e+01 9.895000000000000462e-01
3.800000000000000000e+01 9.849999999999999867e-01
3.900000000000000000e+01 9.784000000000000474e-01
4.000000000000000000e+01 9.675000000000000266e-01
4.100000000000000000e+01 9.506000000000000005e-01
4.200000000000000000e+01 9.266999999999999682e-01
4.300000000000000000e+01 8.954999999999999627e-01
4.400000000000000000e+01 8.577000000000000179e-01
4.500000000000000000e+01 8.144000000000000128e-01
4.600000000000000000e+01 7.671000000000000041e-01
4.700000000000000000e+01 7.179999999999999716e-01
4.800000000000000000e+01 6.692000000000000171e-01
4.900000000000000000e+01 6.229000000000000092e-01
5.000000000000000000e+01 5.809999999999999609e-01
5.100000000000000000e+01 5.451000000000000290e-01
5.200000000000000000e+01 5.162999999999999812e-01
5.300000000000000000e+01 4.953000000000000180e-01
5.400000000000000000e+01 4.823000000000000065e-01
5.500000000000000000e+01 4.767000000000000126e-01
5.600000000000000000e+01 4.777000000000000135e-01
5.700000000000000000e+01 4.842000000000000193e-01
5.800000000000000000e+01 4.945999999999999841e-01
5.900000000000000000e+01 5.074999999999999512e-01
6.000000000000000000e+01 5.210000000000000187e-01
6.100000000000000000e+01 5.338000000000000522e-01
6.200000000000000000e+01 5.442000000000000171e-01
6.300000000000000000e+01 5.513000000000000123e-01
6.400000000000000000e+01 5.540000000000000480e-01
6.500000000000000000e+01 5.516999999999999682e-01
6.600000000000000000e+01 5.442000000000000171e-01
6.700000000000000000e+01 5.312999999999999945e-01
6.800000000000000000e+01 5.133999999999999675e-01
6.900000000000000000e+01 4.909000000000000030e-01
7.000000000000000000e+01 4.646000000000000130e-01
7.100000000000000000e+01 4.351999999999999758e-01
7.200000000000000000e+01 4.037000000000000033e-01
7.300000000000000000e+01 3.709999999999999964e-01
7.400000000000000000e+01 3.381000000000000116e-01
7.500000000000000000e+01 3.059000000000000052e-01
7.600000000000000000e+01 2.752999999999999892e-01
7.700000000000000000e+01 2.470999999999999863e-01
7.800000000000000000e+01 2.217000000000000082e-01
7.900000000000000000e+01 1.996999999999999886e-01
8.000000000000000000e+01 1.812999999999999889e-01
8.100000000000000000e+01 1.668000000000000038e-01
8.200000000000000000e+01 1.560999999999999888e-01
8.300000000000000000e+01 1.489000000000000046e-01
8.400000000000000000e+01 1.451000000000000068e-01
8.500000000000000000e+01 1.443000000000000116e-01
8.600000000000000000e+01 1.459999999999999909e-01
8.700000000000000000e+01 1.496000000000000107e-01
8.800000000000000000e+01 1.545999999999999874e-01
8.900000000000000000e+01 1.603999999999999870e-01
9.000000000000000000e+01 1.665999999999999981e-01
9.100000000000000000e+01 1.726999999999999924e-01
9.200000000000000000e+01 1.781000000000000083e-01
9.300000000000000000e+01 1.826000000000000123e-01
9.400000000000000000e+01 1.857999999999999929e-01
9.500000000000000000e+01 1.877000000000000057e-01
9.600000000000000000e+01 1.879000000000000115e-01
9.700000000000000000e+01 1.865999999999999881e-01
9.800000000000000000e+01 1.836000000000000132e-01
9.900000000000000000e+01 1.791999999999999982e-01
1.000000000000000000e+02 1.733000000000000096e-01
1.010000000000000000e+02 1.661999999999999866e-01
1.020000000000000000e+02 1.582000000000000073e-01
1.030000000000000000e+02 1.492999999999999883e-01
1.040000000000000000e+02 1.398000000000000076e-01
1.050000000000000000e+02 1.300000000000000044e-01
1.060000000000000000e+02 1.199999999999999956e-01
1.070000000000000000e+02 1.102000000000000063e-01
1.080000000000000000e+02 1.005999999999999950e-01
1.090000000000000000e+02 9.160000000000000087e-02
1.100000000000000000e+02 8.319999999999999618e-02
1.110000000000000000e+02 7.556000000000000216e-02
1.120000000000000000e+02 6.880000000000000004e-02
1.130000000000000000e+02 6.297999999999999432e-02
1.140000000000000000e+02 5.815000000000000030e-02
1.150000000000000000e+02 5.430000000000000104e-02
1.160000000000000000e+02 5.142999999999999655e-02
1.170000000000000000e+02 4.947000000000000008e-02
1.180000000000000000e+02 4.837000000000000327e-02
1.190000000000000000e+02 4.802000000000000018e-02
1.200000000000000000e+02 4.832999999999999796e-02
1.210000000000000000e+02 4.918000000000000149e-02
1.220000000000000000e+02 5.043999999999999873e-02
1.230000000000000000e+02 5.199999999999999761e-02
1.240000000000000000e+02 5.371999999999999692e-02
1.250000000000000000e+02 5.550999999999999684e-02
1.260000000000000000e+02 5.725000000000000228e-02
1.270000000000000000e+02 5.884999999999999953e-02
1.280000000000000000e+02 6.022999999999999882e-02
1.290000000000000000e+02 6.133000000000000257e-02
1.300000000000000000e+02 6.210000000000000242e-02
1.310000000000000000e+02 6.250000000000000000e-02
1.320000000000000000e+02 6.252000000000000612e-02
1.330000000000000000e+02 6.212999999999999773e-02
1.340000000000000000e+02 6.135000000000000175e-02
1.350000000000000000e+02 6.017999999999999738e-02
1.360000000000000000e+02 5.865000000000000074e-02
1.370000000000000000e+02 5.680000000000000326e-02
1.380000000000000000e+02 5.467000000000000332e-02
1.390000000000000000e+02 5.229000000000000314e-02
1.400000000000000000e+02 4.973000000000000337e-02
1.410000000000000000e+02 4.705000000000000154e-02
1.420000000000000000e+02 4.429000000000000298e-02
1.430000000000000000e+02 4.152000000000000135e-02
1.440000000000000000e+02 3.880000000000000115e-02
1.450000000000000000e+02 3.617000000000000076e-02
1.460000000000000000e+02 3.368000000000000160e-02
1.470000000000000000e+02 3.137999999999999817e-02
1.480000000000000000e+02 2.929999999999999966e-02
1.490000000000000000e+02 2.747000000000000136e-02
1.500000000000000000e+02 2.589999999999999941e-02
1.510000000000000000e+02 2.460999999999999993e-02
1.520000000000000000e+02 2.358999999999999986e-02
1.530000000000000000e+02 2.284999999999999878e-02
1.540000000000000000e+02 2.237000000000000099e-02
1.550000000000000000e+02 2.213999999999999996e-02
1.560000000000000000e+02 2.213999999999999996e-02
1.570000000000000000e+02 2.236000000000000140e-02
1.580000000000000000e+02 2.275999999999999898e-02
1.590000000000000000e+02 2.332000000000000045e-02
1.600000000000000000e+02 2.402999999999999928e-02
1.610000000000000000e+02 2.484000000000000097e-02
1.620000000000000000e+02 2.573999999999999899e-02
1.630000000000000000e+02 2.670000000000000151e-02
1.640000000000000000e+02 2.768999999999999934e-02
1.650000000000000000e+02 2.869000000000000022e-02
1.660000000000000000e+02 2.968000000000000152e-02
1.670000000000000000e+02 3.062000000000000138e-02
1.680000000000000000e+02 3.151000000000000328e-02
1.690000000000000000e+02 3.232000000000000151e-02
1.700000000000000000e+02 3.305000000000000299e-02
1.710000000000000000e+02 3.368000000000000160e-02
1.720000000000000000e+02 3.422000000000000042e-02
1.730000000000000000e+02 3.466999999999999943e-02
1.740000000000000000e+02 3.502999999999999864e-02
1.750000000000000000e+02 3.531000000000000111e-02
1.760000000000000000e+02 3.552000000000000296e-02
1.770000000000000000e+02 3.567000000000000032e-02
1.780000000000000000e+02 3.577000000000000318e-02
1.790000000000000000e+02 3.583000000000000074e-02
1.800000000000000000e+02 3.584999999999999992e-02
