0.000000000000000000e+00 7.945000000000000284e+00
1.000000000000000000e+00 7.807999999999999829e+00
2.000000000000000000e+00 7.408999999999999808e+00
3.000000000000000000e+00 6.780000000000000249e+00
4.000000000000000000e+00 5.972000000000000419e+00
5.000000000000000000e+00 5.049000000000000377e+00
6.000000000000000000e+00 4.081999999999999851e+00
7.000000000000000000e+00 3.141000000000000014e+00
8.000000000000000000e+00 2.289000000000000146e+00
9.000000000000000000e+00 1.578000000000000069e+00
1.000000000000000000e+01 1.044000000000000039e+00
1.100000000000000000e+01 7.033000000000000362e-01
1.200000000000000000e+01 5.571000000000000396e-01
1.300000000000000000e+01 5.887999999999999901e-01
1.400000000000000000e+01 7.690000000000000169e-01
1.500000000000000000e+01 1.058999999999999941e+00
1.600000000000000000e+01 1.415999999999999925e+00
1.700000000000000000e+01 1.794999999999999929e+00
1.800000000000000000e+01 2.157000000000000028e+00
1.900000000000000000e+01 2.467000000000000082e+00
2.000000000000000000e+01 2.701000000000000068e+00
2.100000000000000000e+01 2.842000000000000082e+00
2.200000000000000000e+01 2.883000000000000007e+00
2.300000000000000000e+01 2.829000000000000181e+00
2.400000000000000000e+01 2.688000000000000167e+00
2.500000000000000000e+01 2.475999999999999979e+00
2.600000000000000000e+01 2.213999999999999968e+00
2.700000000000000000e+01 1.919999999999999929e+00
2.800000000000000000e+01 1.616999999999999993e+00
2.900000000000000000e+01 1.322999999999999954e+00
3.000000000000000000e+01 1.052999999999999936e+00
3.100000000000000000e+01 8.196999999999999842e-01
3.200000000000000000e+01 6.310999999999999943e-01
3.300000000000000000e+01 4.909999999999999920e-01
3.400000000000000000e+01 3.993999999999999773e-01
3.500000000000000000e+01 3.533999999999999919e-01
3.600000000000000000e+01 3.477000000000000091e-01
3.700000000000000000e+01 3.754000000000000115e-01
3.800000000000000000e+01 4.288000000000000145e-01
3.900000000000000000e+01 4.996999999999999775e-01
4.000000000000000000e+01 5.806000000000000050e-01
4.100000000000000000e+01 6.643000000000000016e-01
4.200000000000000000e+01 7.449999999999999956e-01
4.300000000000000000e+01 8.174000000000000155e-01
4.400000000000000000e+01 8.779000000000000137e-01
4.500000000000000000e+01 9.236999999999999655e-01
4.600000000000000000e+01 9.529999999999999583e-01
4.700000000000000000e+01 9.649999999999999689e-01
4.800000000000000000e+01 9.597999999999999865e-01
4.900000000000000000e+01 9.381000000000000449e-01
5.000000000000000000e+01 9.012999999999999901e-01
5.100000000000000000e+01 8.511999999999999567e-01
5.200000000000000000e+01 7.903000000000000025e-01
5.300000000000000000e+01 7.210999999999999632e-01
5.400000000000000000e+01 6.462999999999999856e-01
5.500000000000000000e+01 5.689999999999999503e-01
5.600000000000000000e+01 4.918000000000000149e-01
5.700000000000000000e+01 4.173999999999999932e-01
5.800000000000000000e+01 3.482000000000000095e-01
5.900000000000000000e+01 2.861000000000000210e-01
6.000000000000000000e+01 2.328000000000000069e-01
6.100000000000000000e+01 1.890999999999999903e-01
6.200000000000000000e+01 1.557999999999999940e-01
6.300000000000000000e+01 1.328000000000000014e-01
6.400000000000000000e+01 1.197000000000000008e-01
6.500000000000000000e+01 1.155999999999999944e-01
6.600000000000000000e+01 1.193000000000000033e-01
6.700000000000000000e+01 1.293999999999999873e-01
6.800000000000000000e+01 1.441999999999999948e-01
6.900000000000000000e+01 1.620000000000000051e-01
7.000000000000000000e+01 1.811000000000000110e-01
7.100000000000000000e+01 1.998000000000000054e-01
7.200000000000000000e+01 2.169000000000000095e-01
7.300000000000000000e+01 2.310000000000000109e-01
7.400000000000000000e+01 2.412999999999999867e-01
7.500000000000000000e+01 2.472000000000000031e-01
7.600000000000000000e+01 2.482999999999999929e-01
7.700000000000000000e+01 2.447000000000000008e-01
7.800000000000000000e+01 2.366000000000000048e-01
7.900000000000000000e+01 2.245000000000000051e-01
8.000000000000000000e+01 2.089000000000000024e-01
8.100000000000000000e+01 1.907999999999999974e-01
8.200000000000000000e+01 1.710000000000000131e-01
8.300000000000000000e+01 1.502000000000000002e-01
8.400000000000000000e+01 1.293999999999999873e-01
8.500000000000000000e+01 1.092999999999999944e-01
8.600000000000000000e+01 9.064999999999999447e-02
8.700000000000000000e+01 7.394000000000000572e-02
8.800000000000000000e+01 5.958999999999999714e-02
8.900000000000000000e+01 4.789000000000000201e-02
9.000000000000000000e+01 3.896999999999999770e-02
9.100000000000000000e+01 3.284000000000000113e-02
9.200000000000000000e+01 2.937999999999999987e-02
9.300000000000000000e+01 2.836999999999999938e-02
9.400000000000000000e+01 2.952000000000000110e-02
9.500000000000000000e+01 3.246999999999999886e-02
9.600000000000000000e+01 3.681999999999999856e-02
9.700000000000000000e+01 4.216000000000000303e-02
9.800000000000000000e+01 4.805999999999999855e-02
9.900000000000000000e+01 5.412000000000000144e-02
1.000000000000000000e+02 5.999000000000000166e-02
1.010000000000000000e+02 6.532999999999999918e-02
1.020000000000000000e+02 6.988999999999999380e-02
1.030000000000000000e+02 7.345000000000000140e-02
1.040000000000000000e+02 7.588000000000000300e-02
1.050000000000000000e+02 7.707999999999999574e-02
1.060000000000000000e+02 7.704999999999999349e-02
1.070000000000000000e+02 7.581000000000000238e-02
1.080000000000000000e+02 7.345000000000000140e-02
1.090000000000000000e+02 7.009999999999999565e-02
1.100000000000000000e+02 6.590000000000000024e-02
1.110000000000000000e+02 6.103999999999999704e-02
1.120000000000000000e+02 5.569999999999999951e-02
1.130000000000000000e+02 5.007000000000000339e-02
1.140000000000000000e+02 4.433999999999999747e-02
1.150000000000000000e+02 3.867999999999999911e-02
1.160000000000000000e+02 3.325000000000000178e-02
1.170000000000000000e+02 2.818999999999999978e-02
1.180000000000000000e+02 2.359999999999999945e-02
1.190000000000000000e+02 1.956000000000000100e-02
1.200000000000000000e+02 1.614000000000000157e-02
1.210000000000000000e+02 1.336000000000000035e-02
1.220000000000000000e+02 1.123999999999999999e-02
1.230000000000000000e+02 9.740000000000000394e-03
1.240000000000000000e+02 8.838999999999999635e-03
1.250000000000000000e+02 8.481999999999999956e-03
1.260000000000000000e+02 8.604999999999999802e-03
1.270000000000000000e+02 9.136000000000000024e-03
1.280000000000000000e+02 9.997999999999999943e-03
1.290000000000000000e+02 1.111000000000000008e-02
1.300000000000000000e+02 1.240999999999999916e-02
1.310000000000000000e+02 1.379999999999999977e-02
1.320000000000000000e+02 1.523000000000000048e-02
1.330000000000000000e+02 1.662999999999999895e-02
1.340000000000000000e+02 1.796000000000000027e-02
1.350000000000000000e+02 1.915000000000000036e-02
1.360000000000000000e+02 2.018999999999999961e-02
1.370000000000000000e+02 2.102000000000000049e-02
1.380000000000000000e+02 2.163999999999999951e-02
1.390000000000000000e+02 2.203000000000000097e-02
1.400000000000000000e+02 2.217999999999999833e-02
1.410000000000000000e+02 2.208999999999999853e-02
1.420000000000000000e+02 2.176000000000000156e-02
1.430000000000000000e+02 2.120999999999999969e-02
1.440000000000000000e+02 2.045999999999999902e-02
1.450000000000000000e+02 1.952999999999999875e-02
1.460000000000000000e+02 1.845000000000000112e-02
1.470000000000000000e+02 1.725000000000000144e-02
1.480000000000000000e+02 1.597000000000000156e-02
1.490000000000000000e+02 1.463000000000000064e-02
1.500000000000000000e+02 1.328999999999999973e-02
1.510000000000000000e+02 1.196000000000000014e-02
1.520000000000000000e+02 1.068000000000000026e-02
1.530000000000000000e+02 9.476999999999999313e-03
1.540000000000000000e+02 8.384000000000000827e-03
1.550000000000000000e+02 7.420999999999999645e-03
1.560000000000000000e+02 6.609000000000000291e-03
1.570000000000000000e+02 5.963000000000000418e-03
1.580000000000000000e+02 5.496000000000000017e-03
1.590000000000000000e+02 5.217000000000000283e-03
1.600000000000000000e+02 5.128999999999999879e-03
1.610000000000000000e+02 5.232999999999999804e-03
1.620000000000000000e+02 5.524000000000000264e-03
1.630000000000000000e+02 5.990999999999999798e-03
1.640000000000000000e+02 6.621000000000000149e-03
1.650000000000000000e+02 7.394000000000000399e-03
1.660000000000000000e+02 8.288000000000000228e-03
1.670000000000000000e+02 9.277000000000000524e-03
1.680000000000000000e+02 1.033000000000000064e-02
1.690000000000000000e+02 1.141999999999999960e-02
1.700000000000000000e+02 1.251999999999999988e-02
1.710000000000000000e+02 1.359999999999999924e-02
1.720000000000000000e+02 1.463000000000000064e-02
1.730000000000000000e+02 1.559999999999999928e-02
1.740000000000000000e+02 1.646999999999999853e-02
1.750000000000000000e+02 1.722999999999999879e-02
1.760000000000000000e+02 1.787000000000000047e-02
1.770000000000000000e+02 1.837000000000000091e-02
1.780000000000000000e+02 1.873999999999999971e-02
1.790000000000000000e+02 1.896000000000000116e-02
1.800000000000000000e+02 1.904000000000000137e-02
